place(-4.831, 11.715, -2.950, "EvolvedOperator", 300)
place(-4.630, 11.715, -3.383, "EvolvedOperator", 300)
place(-4.492, 11.715, -2.901, "EvolvedOperator", 300)
place(-4.896, 11.715, -3.155, "EvolvedOperator", 300)
place(-4.468, 11.715, -3.230, "EvolvedOperator", 300)
upgrade(-4.831, 11.715, -2.950, 325)
upgrade(-4.630, 11.715, -3.383, 325)
upgrade(-4.492, 11.715, -2.901, 325)
upgrade(-4.896, 11.715, -3.155, 325)
upgrade(-4.468, 11.715, -3.230, 325)
place(-9.357, 1.000, -8.946, "Hacker", 900)
upgrade(-9.357, 2.403, -8.946, 125)
upgrade(-9.357, 2.403, -8.946, 1337)
place(-4.704, 11.715, -2.926, "EvolvedOperator", 300)
place(-4.731, 11.715, -3.260, "EvolvedOperator", 300)
place(-4.520, 11.715, -3.064, "EvolvedOperator", 300)
place(-4.793, 11.715, -3.055, "EvolvedOperator", 300)
place(-4.587, 11.715, -3.256, "EvolvedOperator", 300)
place(-4.604, 11.715, -2.954, "EvolvedOperator", 300)
place(-4.804, 11.715, -3.199, "EvolvedOperator", 300)
place(-4.478, 11.715, -3.151, "EvolvedOperator", 300)
place(-4.761, 11.715, -2.959, "EvolvedOperator", 300)
place(-4.679, 11.715, -3.304, "EvolvedOperator", 300)
place(-4.501, 11.715, -2.984, "EvolvedOperator", 300)
upgrade(-4.704, 11.715, -2.926, 325)
upgrade(-4.731, 11.715, -3.260, 325)
upgrade(-4.520, 11.715, -3.064, 325)
upgrade(-4.793, 11.715, -3.055, 325)
upgrade(-4.587, 11.715, -3.256, 325)
upgrade(-4.604, 11.715, -2.954, 325)
upgrade(-4.804, 11.715, -3.199, 325)
upgrade(-4.478, 11.715, -3.151, 325)
upgrade(-4.761, 11.715, -2.959, 325)
upgrade(-4.679, 11.715, -3.304, 325)
upgrade(-4.501, 11.715, -2.984, 325)
upgrade(-4.831, 11.715, -2.950, 700)
upgrade(-4.630, 11.715, -3.383, 700)
upgrade(-4.492, 11.715, -2.901, 700)
upgrade(-4.896, 11.715, -3.155, 700)
upgrade(-4.468, 11.715, -3.230, 700)
upgrade(-4.704, 11.715, -2.926, 700)
upgrade(-4.731, 11.715, -3.260, 700)
upgrade(-4.520, 11.715, -3.064, 700)
upgrade(-4.793, 11.715, -3.055, 700)
upgrade(-4.587, 11.715, -3.256, 700)
upgrade(-4.604, 11.715, -2.954, 700)
upgrade(-4.804, 11.715, -3.199, 700)
upgrade(-4.478, 11.715, -3.151, 700)
upgrade(-4.761, 11.715, -2.959, 700)
upgrade(-4.679, 11.715, -3.304, 700)
upgrade(-4.501, 11.715, -2.984, 700)
place(-11.139, 1.000, -3.603, "DJ Booth", 850)
upgrade(-11.139, 2.365, -3.603, 300)
upgrade(-11.139, 2.365, -3.603, 1250)
upgrade(-11.139, 2.365, -3.603, 3000)
upgrade(-9.357, 2.403, -8.946, 6500)
upgrade(-9.357, 2.403, -8.946, 24000)
upgrade(-11.139, 2.365, -3.603, 8000)
upgrade(-11.139, 2.365, -3.603, 20000)
SetDjTrack(-11.139, 2.365, -3.603, "Red", 318745)
upgrade(-4.831, 11.715, -2.950, 1250)
upgrade(-4.630, 11.715, -3.383, 1250)
upgrade(-4.492, 11.715, -2.901, 1250)
upgrade(-4.896, 11.715, -3.155, 1250)
upgrade(-4.468, 11.715, -3.230, 1250)
upgrade(-4.704, 11.715, -2.926, 1250)
upgrade(-4.731, 11.715, -3.260, 1250)
upgrade(-4.520, 11.715, -3.064, 1250)
upgrade(-4.793, 11.715, -3.055, 1250)
upgrade(-4.587, 11.715, -3.256, 1250)
upgrade(-4.604, 11.715, -2.954, 1250)
upgrade(-4.804, 11.715, -3.199, 1250)
upgrade(-4.478, 11.715, -3.151, 1250)
upgrade(-4.761, 11.715, -2.959, 1250)
upgrade(-4.679, 11.715, -3.304, 1250)
upgrade(-4.501, 11.715, -2.984, 1250)
upgrade(-4.831, 11.715, -2.950, 1950)
upgrade(-4.630, 11.715, -3.383, 1950)
upgrade(-4.492, 11.715, -2.901, 1950)
upgrade(-4.896, 11.715, -3.155, 1950)
upgrade(-4.468, 11.715, -3.230, 1950)
upgrade(-4.704, 11.715, -2.926, 1950)
upgrade(-4.731, 11.715, -3.260, 1950)
upgrade(-4.520, 11.715, -3.064, 1950)
upgrade(-4.793, 11.715, -3.055, 1950)
upgrade(-4.587, 11.715, -3.256, 1950)
upgrade(-4.604, 11.715, -2.954, 1950)
upgrade(-4.804, 11.715, -3.199, 1950)
upgrade(-4.478, 11.715, -3.151, 1950)
upgrade(-4.761, 11.715, -2.959, 1950)
upgrade(-4.679, 11.715, -3.304, 1950)
upgrade(-4.501, 11.715, -2.984, 1950)
upgrade(-4.831, 11.715, -2.950, 3500)
upgrade(-4.630, 11.715, -3.383, 3500)
upgrade(-4.492, 11.715, -2.901, 3500)
upgrade(-4.896, 11.715, -3.155, 3500)
upgrade(-4.468, 11.715, -3.230, 3500)
upgrade(-4.704, 11.715, -2.926, 3500)
upgrade(-4.731, 11.715, -3.260, 3500)
upgrade(-4.520, 11.715, -3.064, 3500)
upgrade(-4.793, 11.715, -3.055, 3500)
upgrade(-4.587, 11.715, -3.256, 3500)
upgrade(-4.604, 11.715, -2.954, 3500)
upgrade(-4.804, 11.715, -3.199, 3500)
upgrade(-4.478, 11.715, -3.151, 3500)
upgrade(-4.761, 11.715, -2.959, 3500)
upgrade(-4.679, 11.715, -3.304, 3500)
upgrade(-4.501, 11.715, -2.984, 3500)
upgrade(-4.831, 11.715, -2.950, 7000)
upgrade(-4.630, 11.715, -3.383, 7000)
upgrade(-4.492, 11.715, -2.901, 7000)
upgrade(-4.896, 11.715, -3.155, 7000)
upgrade(-4.468, 11.715, -3.230, 7000)
upgrade(-4.704, 11.715, -2.926, 7000)
upgrade(-4.731, 11.715, -3.260, 7000)
upgrade(-4.520, 11.715, -3.064, 7000)
upgrade(-4.793, 11.715, -3.055, 7000)
upgrade(-4.587, 11.715, -3.256, 7000)
upgrade(-4.604, 11.715, -2.954, 7000)
upgrade(-4.804, 11.715, -3.199, 7000)
upgrade(-4.478, 11.715, -3.151, 7000)
upgrade(-4.761, 11.715, -2.959, 7000)
upgrade(-4.679, 11.715, -3.304, 7000)
upgrade(-4.501, 11.715, -2.984, 7000)
upgrade(-9.357, 2.403, -8.946, 60001)
place(-12.411, 1.000, -8.878, "Hacker", 900)
upgrade(-12.411, 2.403, -8.878, 125)
upgrade(-12.411, 2.403, -8.878, 1337)
upgrade(-12.411, 2.403, -8.878, 6500)
upgrade(-12.411, 2.403, -8.878, 24000)
upgrade(-12.411, 2.403, -8.878, 53200)
place(-1.872, 10.229, -9.696, "Turret", 7750)
place(-1.872, 12.032, -9.696, "Turret", 7750)
place(-1.872, 12.300, -9.696, "Turret", 7750)
upgrade(-1.872, 10.229, -9.696, 3750)
upgrade(-1.872, 12.032, -9.696, 3750)
upgrade(-1.872, 12.300, -9.696, 3750)
upgrade(-1.872, 10.229, -9.696, 7500)
upgrade(-1.872, 12.032, -9.696, 7500)
upgrade(-1.872, 12.300, -9.696, 7500)
upgrade(-1.872, 10.229, -9.696, 20000)
upgrade(-1.872, 12.032, -9.696, 20000)
upgrade(-1.872, 12.300, -9.696, 20000)
upgrade(-1.872, 10.229, -9.696, 35000)
upgrade(-1.872, 12.032, -9.696, 35000)
upgrade(-1.872, 12.300, -9.696, 35000)
upgrade(-1.872, 10.229, -9.696, 65000)
upgrade(-1.872, 12.032, -9.696, 65000)
upgrade(-1.872, 12.300, -9.696, 65000)
DropTheBeat(-11.139, 2.365, -3.603, 475089)
