place(-7.400, 10.720, -3.200, "EvolvedOperator", 300)
place(-7.200, 10.720, -3.200, "EvolvedOperator", 300)
place(-7.000, 10.720, -3.200, "EvolvedOperator", 300)
place(-6.800, 10.720, -3.200, "EvolvedOperator", 300)
place(-7.400, 10.720, -3.000, "EvolvedOperator", 300)
upgrade(-7.400, 2.350, -3.200, 325)
upgrade(-7.200, 2.350, -3.200, 325)
upgrade(-7.000, 2.350, -3.200, 325)
upgrade(-6.800, 2.350, -3.200, 325)
upgrade(-7.400, 2.350, -3.000, 325)

place(-7.200, 10.720, -3.000, "EvolvedOperator", 300)
place(-7.000, 10.720, -3.000, "EvolvedOperator", 300)
place(-6.800, 10.720, -3.000, "EvolvedOperator", 300)
place(-7.400, 10.720, -2.800, "EvolvedOperator", 300)
place(-7.200, 10.720, -2.800, "EvolvedOperator", 300)
place(-7.000, 10.720, -2.800, "EvolvedOperator", 300)
place(-6.800, 10.720, -2.800, "EvolvedOperator", 300)
place(-7.400, 10.720, -2.600, "EvolvedOperator", 300)
place(-7.200, 10.720, -2.600, "EvolvedOperator", 300)
place(-7.000, 10.720, -2.600, "EvolvedOperator", 300)
place(-6.800, 10.720, -2.600, "EvolvedOperator", 300)
upgrade(-7.200, 2.350, -3.000, 325)
upgrade(-7.000, 2.350, -3.000, 325)
upgrade(-6.800, 2.350, -3.000, 325)
upgrade(-7.400, 2.350, -2.800, 325)
upgrade(-7.200, 2.350, -2.800, 325)
upgrade(-7.000, 2.350, -2.800, 325)
upgrade(-6.800, 2.350, -2.800, 325)
upgrade(-7.400, 2.350, -2.600, 325)
upgrade(-7.200, 2.350, -2.600, 325)
upgrade(-7.000, 2.350, -2.600, 325)
upgrade(-6.800, 2.350, -2.600, 325)

upgrade(-7.400, 2.350, -3.200, 700)
upgrade(-7.200, 2.350, -3.200, 700)
upgrade(-7.000, 2.350, -3.200, 700)
upgrade(-6.800, 2.350, -3.200, 700)
upgrade(-7.400, 2.350, -3.000, 700)
upgrade(-7.200, 2.350, -3.000, 700)
upgrade(-7.000, 2.350, -3.000, 700)
upgrade(-6.800, 2.350, -3.000, 700)
upgrade(-7.400, 2.350, -2.800, 700)
upgrade(-7.200, 2.350, -2.800, 700)
upgrade(-7.000, 2.350, -2.800, 700)
upgrade(-6.800, 2.350, -2.800, 700)
upgrade(-7.400, 2.350, -2.600, 700)
upgrade(-7.200, 2.350, -2.600, 700)
upgrade(-7.000, 2.350, -2.600, 700)
upgrade(-6.800, 2.350, -2.600, 700)

place(-6.192, 1.000, -8.951, "Firework Technician", 1500)
upgrade(-6.192, 2.350, -8.951, 2000)

place(-13.091, 1.000, 3.240, "Frost Blaster", 850)
upgrade(-13.091, 2.350, 3.240, 350)
upgrade(-13.091, 2.350, 3.240, 1500)

place(-7.802, 1.000, 0.003, "Commander", 650)
place(-7.785, 1.000, 3.158, "Commander", 650)
place(-10.489, 1.000, 1.471, "Commander", 650)
upgrade(-7.802, 2.700, 0.003, 400)
upgrade(-7.785, 2.700, 3.158, 400)
upgrade(-10.489, 2.700, 1.471, 400)
upgrade(-7.802, 2.700, 0.003, 2450)
upgrade(-7.785, 2.700, 3.158, 2450)
upgrade(-10.489, 2.700, 1.471, 2450)

upgrade(-6.192, 2.350, -8.951, 6500)

upgrade(-7.400, 2.350, -3.200, 1250)
upgrade(-7.200, 2.350, -3.200, 1250)
upgrade(-7.000, 2.350, -3.200, 1250)
upgrade(-6.800, 2.350, -3.200, 1250)
upgrade(-7.400, 2.350, -3.000, 1250)
upgrade(-7.200, 2.350, -3.000, 1250)
upgrade(-7.000, 2.350, -3.000, 1250)
upgrade(-6.800, 2.350, -3.000, 1250)
upgrade(-7.400, 2.350, -2.800, 1250)
upgrade(-7.200, 2.350, -2.800, 1250)
upgrade(-7.000, 2.350, -2.800, 1250)
upgrade(-6.800, 2.350, -2.800, 1250)
upgrade(-7.400, 2.350, -2.600, 1250)
upgrade(-7.200, 2.350, -2.600, 1250)
upgrade(-7.000, 2.350, -2.600, 1250)
upgrade(-6.800, 2.350, -2.600, 1250)

upgrade(-7.400, 2.350, -3.200, 1950)
upgrade(-7.200, 2.350, -3.200, 1950)
upgrade(-7.000, 2.350, -3.200, 1950)
upgrade(-6.800, 2.350, -3.200, 1950)
upgrade(-7.400, 2.350, -3.000, 1950)
upgrade(-7.200, 2.350, -3.000, 1950)
upgrade(-7.000, 2.350, -3.000, 1950)
upgrade(-6.800, 2.350, -3.000, 1950)
upgrade(-7.400, 2.350, -2.800, 1950)
upgrade(-7.200, 2.350, -2.800, 1950)
upgrade(-7.000, 2.350, -2.800, 1950)
upgrade(-6.800, 2.350, -2.800, 1950)
upgrade(-7.400, 2.350, -2.600, 1950)
upgrade(-7.200, 2.350, -2.600, 1950)
upgrade(-7.000, 2.350, -2.600, 1950)
upgrade(-6.800, 2.350, -2.600, 1950)

upgrade(-13.091, 2.350, 3.240, 3800)

upgrade(-7.802, 2.700, 0.003, 4500)
upgrade(-7.785, 2.700, 3.158, 4500)
upgrade(-10.489, 2.700, 1.471, 4500)

upgrade(-6.192, 2.350, -8.951, 12000)
upgrade(-6.192, 2.350, -8.951, 22000)

upgrade(-7.400, 2.350, -3.200, 3500)
upgrade(-7.200, 2.350, -3.200, 3500)
upgrade(-7.000, 2.350, -3.200, 3500)
upgrade(-6.800, 2.350, -3.200, 3500)
upgrade(-7.400, 2.350, -3.000, 3500)
upgrade(-7.200, 2.350, -3.000, 3500)
upgrade(-7.000, 2.350, -3.000, 3500)
upgrade(-6.800, 2.350, -3.000, 3500)
upgrade(-7.400, 2.350, -2.800, 3500)
upgrade(-7.200, 2.350, -2.800, 3500)
upgrade(-7.000, 2.350, -2.800, 3500)
upgrade(-6.800, 2.350, -2.800, 3500)
upgrade(-7.400, 2.350, -2.600, 3500)
upgrade(-7.200, 2.350, -2.600, 3500)
upgrade(-7.000, 2.350, -2.600, 3500)
upgrade(-6.800, 2.350, -2.600, 3500)

upgrade(-7.400, 2.350, -3.200, 7000)
upgrade(-7.200, 2.350, -3.200, 7000)
upgrade(-7.000, 2.350, -3.200, 7000)
upgrade(-6.800, 2.350, -3.200, 7000)
upgrade(-7.400, 2.350, -3.000, 7000)
upgrade(-7.200, 2.350, -3.000, 7000)
upgrade(-7.000, 2.350, -3.000, 7000)
upgrade(-6.800, 2.350, -3.000, 7000)
upgrade(-7.400, 2.350, -2.800, 7000)
upgrade(-7.200, 2.350, -2.800, 7000)
upgrade(-7.000, 2.350, -2.800, 7000)
upgrade(-6.800, 2.350, -2.800, 7000)
upgrade(-7.400, 2.350, -2.600, 7000)
upgrade(-7.200, 2.350, -2.600, 7000)
upgrade(-7.000, 2.350, -2.600, 7000)
upgrade(-6.800, 2.350, -2.600, 7000)

upgrade(-7.802, 2.700, 0.003, 14000)
upgrade(-7.785, 2.700, 3.158, 14000)
upgrade(-10.489, 2.700, 1.471, 14000)

place(5.337, 1.000, -7.104, "Frost Blaster", 850)
place(5.403, 1.000, -10.113, "Frost Blaster", 850)
place(-16.398, 1.000, 3.629, "Frost Blaster", 850)
place(-19.545, 1.000, 3.547, "Frost Blaster", 850)
place(-22.615, 1.000, 3.262, "Frost Blaster", 850)

upgrade(5.337, 2.350, -7.104, 350)
upgrade(5.403, 2.350, -10.113, 350)
upgrade(-16.398, 2.350, 3.629, 350)
upgrade(-19.545, 2.350, 3.547, 350)
upgrade(-22.615, 2.350, 3.262, 350)

upgrade(5.337, 2.350, -7.104, 1500)
upgrade(5.403, 2.350, -10.113, 1500)
upgrade(-16.398, 2.350, 3.629, 1500)
upgrade(-19.545, 2.350, 3.547, 1500)
upgrade(-22.615, 2.350, 3.262, 1500)

place(-12.411, 1.000, -8.878, "Hacker", 900)
upgrade(-12.411, 2.403, -8.878, 125)
upgrade(-12.411, 2.403, -8.878, 1337)
upgrade(-12.411, 2.403, -8.878, 6500)
upgrade(-12.411, 2.403, -8.878, 24000)
upgrade(-12.411, 2.403, -8.878, 53200)

place(-2.072, 10.229, -9.696, "Turret", 7750)
place(-1.872, 10.229, -9.696, "Turret", 7750)
place(-1.672, 10.229, -9.696, "Turret", 7750)

upgrade(-2.072, 10.229, -9.696, 3750)
upgrade(-1.872, 10.229, -9.696, 3750)
upgrade(-1.672, 10.229, -9.696, 3750)

upgrade(-2.072, 10.229, -9.696, 7500)
upgrade(-1.872, 10.229, -9.696, 7500)
upgrade(-1.672, 10.229, -9.696, 7500)

upgrade(-2.072, 10.229, -9.696, 20000)
upgrade(-1.872, 10.229, -9.696, 20000)
upgrade(-1.672, 10.229, -9.696, 20000)

upgrade(-2.072, 10.229, -9.696, 35000)
upgrade(-1.872, 10.229, -9.696, 35000)
upgrade(-1.672, 10.229, -9.696, 35000)

upgrade(-2.072, 10.229, -9.696, 65000)
upgrade(-1.872, 10.229, -9.696, 65000)
upgrade(-1.672, 10.229, -9.696, 65000)

upgrade(5.337, 2.350, -7.104, 3800)
upgrade(5.403, 2.350, -10.113, 3800)
upgrade(-16.398, 2.350, 3.629, 3800)
upgrade(-19.545, 2.350, 3.547, 3800)
upgrade(-22.615, 2.350, 3.262, 3800)

upgrade(-13.091, 2.350, 3.240, 9500)
upgrade(5.337, 2.350, -7.104, 9500)
upgrade(5.403, 2.350, -10.113, 9500)
upgrade(-16.398, 2.350, 3.629, 9500)
upgrade(-19.545, 2.350, 3.547, 9500)
upgrade(-22.615, 2.350, 3.262, 9500)
