place(5.279, 1.000, 11.006, "Engineer", 900)
upgrade(5.279, 2.350, 11.006, 525)
place(8.345, 1.000, 10.950, "Engineer", 900)
upgrade(8.345, 2.350, 10.950, 525)
upgrade(5.279, 2.350, 11.006, 1500)
upgrade(8.345, 2.350, 10.950, 1500)
place(4.927, 1.000, 7.921, "Engineer", 900)
upgrade(4.927, 2.350, 7.921, 525)
upgrade(4.927, 2.350, 7.921, 1500)
place(2.748, 1.000, 2.719, "Tesla", 3750)
SetTarget(8.345, 2.350, 10.950, "Last")
SetTarget(8.345, 2.350, 10.950, "Strongest")
SetTarget(8.345, 2.350, 10.950, "Last")
SetTarget(8.345, 2.350, 10.950, "First")
SetTarget(4.927, 2.350, 7.921, "Last")
SetTarget(4.927, 2.350, 7.921, "Strongest")
place(2.750, 1.000, 16.927, "Gatling Gun", 7875)
upgrade(2.748, 2.348, 2.719, 2784)
place(11.371, 1.000, 12.869, "Tesla", 3750)
upgrade(2.750, 1.899, 16.927, 4500)
upgrade(2.750, 1.899, 16.927, 11250)
place(9.510, 5.100, -9.459, "Mortar", 1500)
upgrade(9.510, 6.450, -9.459, 750)
upgrade(9.510, 6.450, -9.459, 3375)
upgrade(9.510, 6.450, -9.459, 6375)
place(13.109, 5.100, -9.025, "Mortar", 1500)
upgrade(13.109, 6.450, -9.025, 750)
upgrade(13.109, 6.450, -9.025, 3375)
upgrade(13.109, 6.450, -9.025, 6375)
place(16.695, 5.100, -9.416, "Mortar", 1500)
upgrade(16.695, 6.450, -9.416, 750)
upgrade(16.695, 6.450, -9.416, 3375)
upgrade(16.695, 6.450, -9.416, 6375)
upgrade(2.748, 2.348, 2.719, 12600)
upgrade(11.371, 2.348, 12.869, 2784)
upgrade(2.750, 1.899, 16.927, 22500)
upgrade(9.510, 6.450, -9.459, 28500)
upgrade(13.109, 6.450, -9.025, 28500)
upgrade(2.750, 1.899, 16.927, 48750)
upgrade(16.695, 6.450, -9.416, 28500)
upgrade(2.748, 2.348, 2.719, 27675)
upgrade(2.750, 1.899, 16.927, 75000)
upgrade(16.695, 6.450, -9.416, 53250)
upgrade(11.371, 2.348, 12.869, 12600)
upgrade(11.371, 2.348, 12.869, 27675)
place(8.262, 1.000, 7.741, "Engineer", 900)
upgrade(8.262, 2.350, 7.741, 525)
upgrade(8.262, 2.350, 7.741, 1500)
place(11.288, 1.000, 7.936, "Engineer", 900)
upgrade(11.288, 2.350, 7.936, 525)
upgrade(11.288, 2.350, 7.936, 1500)
place(6.415, 1.000, 5.150, "Engineer", 900)
upgrade(6.415, 2.350, 5.150, 525)
upgrade(6.415, 2.350, 5.150, 1500)
upgrade(13.109, 6.450, -9.025, 53250)
upgrade(9.510, 6.450, -9.459, 53250)
upgrade(6.415, 2.350, 5.150, 3115)
upgrade(4.927, 2.350, 7.921, 3115)
upgrade(8.262, 2.350, 7.741, 3115)
upgrade(11.288, 2.350, 7.936, 3115)
upgrade(5.279, 2.350, 11.006, 3115)
upgrade(8.345, 2.350, 10.950, 3115)
upgrade(2.748, 2.348, 2.719, 75001)
upgrade(11.371, 2.348, 12.869, 75001)
place(14.814, 1.000, 2.674, "Turret", 12375)
upgrade(14.814, 3.779, 2.674, 4875)
upgrade(14.814, 3.779, 2.674, 11250)
upgrade(14.814, 3.779, 2.674, 30000)
place(15.180, 1.000, 6.749, "Turret", 12375)
upgrade(15.180, 3.779, 6.749, 4875)
upgrade(15.180, 3.779, 6.749, 11250)
upgrade(15.180, 3.779, 6.749, 30000)
place(15.622, 1.000, 10.833, "Turret", 12375)
upgrade(15.622, 3.779, 10.833, 4875)
upgrade(15.622, 3.779, 10.833, 11250)
upgrade(15.622, 3.779, 10.833, 30000)
upgrade(15.622, 3.779, 10.833, 52500)
upgrade(2.750, 1.899, 16.927, 150000)
upgrade(15.622, 3.779, 10.833, 127500)
upgrade(15.180, 3.779, 6.749, 52500)
upgrade(15.180, 3.779, 6.749, 127500)
upgrade(14.814, 3.779, 2.674, 52500)
upgrade(14.814, 3.779, 2.674, 127500)
upgrade(6.415, 2.350, 5.150, 11250)
upgrade(6.415, 2.350, 5.150, 18750)
upgrade(6.415, 2.350, 5.150, 48750)
upgrade(4.927, 2.350, 7.921, 11250)
upgrade(4.927, 2.350, 7.921, 18750)
upgrade(4.927, 2.350, 7.921, 48750)
upgrade(8.262, 2.350, 7.741, 11250)
upgrade(8.262, 2.350, 7.741, 18750)
upgrade(8.262, 2.350, 7.741, 48750)
upgrade(11.288, 2.350, 7.936, 11250)
upgrade(11.288, 2.350, 7.936, 18750)
upgrade(11.288, 2.350, 7.936, 48750)
upgrade(5.279, 2.350, 11.006, 11250)
upgrade(5.279, 2.350, 11.006, 18750)
upgrade(5.279, 2.350, 11.006, 48750)
upgrade(8.345, 2.350, 10.950, 11250)
upgrade(8.345, 2.350, 10.950, 18750)
upgrade(8.345, 2.350, 10.950, 48750)
