place(-7.262, 10.720, -2.703, "EvolvedOperator", 300)
place(-7.062, 10.720, -3.135, "EvolvedOperator", 300)
place(-6.923, 10.720, -2.654, "EvolvedOperator", 300)
place(-7.327, 10.720, -2.908, "EvolvedOperator", 300)
place(-6.900, 10.720, -2.983, "EvolvedOperator", 300)
upgrade(-7.262, 2.350, -2.703, 325)
upgrade(-7.062, 2.350, -3.135, 325)
upgrade(-6.923, 2.350, -2.654, 325)
upgrade(-7.327, 2.350, -2.908, 325)
upgrade(-6.900, 2.350, -2.983, 325)
place(-9.357, 1.000, -8.946, "Hacker", 900)
upgrade(-9.357, 2.403, -8.946, 125)
upgrade(-9.357, 2.403, -8.946, 1337)
place(-7.135, 10.720, -2.679, "EvolvedOperator", 300)
place(-7.162, 10.720, -3.013, "EvolvedOperator", 300)
place(-6.952, 10.720, -2.816, "EvolvedOperator", 300)
place(-7.224, 10.720, -2.808, "EvolvedOperator", 300)
place(-7.018, 10.720, -3.008, "EvolvedOperator", 300)
place(-7.036, 10.720, -2.707, "EvolvedOperator", 300)
place(-7.235, 10.720, -2.952, "EvolvedOperator", 300)
place(-6.909, 10.720, -2.904, "EvolvedOperator", 300)
place(-7.193, 10.720, -2.712, "EvolvedOperator", 300)
place(-7.110, 10.720, -3.057, "EvolvedOperator", 300)
place(-6.932, 10.720, -2.736, "EvolvedOperator", 300)
upgrade(-7.135, 2.350, -2.679, 325)
upgrade(-7.162, 2.350, -3.013, 325)
upgrade(-6.952, 2.350, -2.816, 325)
upgrade(-7.224, 2.350, -2.808, 325)
upgrade(-7.018, 2.350, -3.008, 325)
upgrade(-7.036, 2.350, -2.707, 325)
upgrade(-7.235, 2.350, -2.952, 325)
upgrade(-6.909, 2.350, -2.904, 325)
upgrade(-7.193, 2.350, -2.712, 325)
upgrade(-7.110, 2.350, -3.057, 325)
upgrade(-6.932, 2.350, -2.736, 325)
upgrade(-7.262, 2.350, -2.703, 700)
upgrade(-7.062, 2.350, -3.135, 700)
upgrade(-6.923, 2.350, -2.654, 700)
upgrade(-7.327, 2.350, -2.908, 700)
upgrade(-6.900, 2.350, -2.983, 700)
upgrade(-7.135, 2.350, -2.679, 700)
upgrade(-7.162, 2.350, -3.013, 700)
upgrade(-6.952, 2.350, -2.816, 700)
upgrade(-7.224, 2.350, -2.808, 700)
upgrade(-7.018, 2.350, -3.008, 700)
upgrade(-7.036, 2.350, -2.707, 700)
upgrade(-7.235, 2.350, -2.952, 700)
upgrade(-6.909, 2.350, -2.904, 700)
upgrade(-7.193, 2.350, -2.712, 700)
upgrade(-7.110, 2.350, -3.057, 700)
upgrade(-6.932, 2.350, -2.736, 700)
place(-11.139, 1.000, -3.603, "DJ Booth", 850)
upgrade(-11.139, 2.365, -3.603, 300)
upgrade(-11.139, 2.365, -3.603, 1250)
upgrade(-11.139, 2.365, -3.603, 3000)
upgrade(-9.357, 2.403, -8.946, 6500)
upgrade(-9.357, 2.403, -8.946, 24000)
upgrade(-11.139, 2.365, -3.603, 8000)
upgrade(-11.139, 2.365, -3.603, 20000)
place(-6.192, 1.000, -8.951, "Firework Technician", 1500)
upgrade(-6.192, 2.350, -8.951, 2000)
place(-13.091, 1.000, 3.240, "Frost Blaster", 850)
upgrade(-13.091, 2.350, 3.240, 350)
upgrade(-13.091, 2.350, 3.240, 1500)
place(-7.802, 1.000, 0.003, "Commander", 650)
place(-7.785, 1.000, 3.158, "Commander", 650)
place(-10.489, 1.000, 1.471, "Commander", 650)
upgrade(-7.802, 2.700, 0.003, 400)
upgrade(-7.785, 2.700, 3.158, 400)
upgrade(-10.489, 2.700, 1.471, 400)
upgrade(-7.802, 2.700, 0.003, 2450)
upgrade(-7.785, 2.700, 3.158, 2450)
upgrade(-10.489, 2.700, 1.471, 2450)
upgrade(-6.192, 2.350, -8.951, 6500)
upgrade(-7.262, 2.350, -2.703, 1250)
upgrade(-7.062, 2.350, -3.135, 1250)
upgrade(-6.923, 2.350, -2.654, 1250)
upgrade(-7.327, 2.350, -2.908, 1250)
upgrade(-6.900, 2.350, -2.983, 1250)
upgrade(-7.135, 2.350, -2.679, 1250)
upgrade(-7.162, 2.350, -3.013, 1250)
upgrade(-6.952, 2.350, -2.816, 1250)
upgrade(-7.224, 2.350, -2.808, 1250)
upgrade(-7.018, 2.350, -3.008, 1250)
upgrade(-7.036, 2.350, -2.707, 1250)
upgrade(-7.235, 2.350, -2.952, 1250)
upgrade(-6.909, 2.350, -2.904, 1250)
upgrade(-7.193, 2.350, -2.712, 1250)
upgrade(-7.110, 2.350, -3.057, 1250)
upgrade(-6.932, 2.350, -2.736, 1250)
upgrade(-7.262, 2.350, -2.703, 1950)
upgrade(-7.062, 2.350, -3.135, 1950)
upgrade(-6.923, 2.350, -2.654, 1950)
upgrade(-7.327, 2.350, -2.908, 1950)
upgrade(-6.900, 2.350, -2.983, 1950)
upgrade(-7.135, 2.350, -2.679, 1950)
upgrade(-7.162, 2.350, -3.013, 1950)
upgrade(-6.952, 2.350, -2.816, 1950)
upgrade(-7.224, 2.350, -2.808, 1950)
upgrade(-7.018, 2.350, -3.008, 1950)
upgrade(-7.036, 2.350, -2.707, 1950)
upgrade(-7.235, 2.350, -2.952, 1950)
upgrade(-6.909, 2.350, -2.904, 1950)
upgrade(-7.193, 2.350, -2.712, 1950)
upgrade(-7.110, 2.350, -3.057, 1950)
upgrade(-6.932, 2.350, -2.736, 1950)
upgrade(-13.091, 2.350, 3.240, 3800)
upgrade(-7.802, 2.700, 0.003, 4500)
upgrade(-7.785, 2.700, 3.158, 4500)
upgrade(-10.489, 2.700, 1.471, 4500)
upgrade(-6.192, 2.350, -8.951, 12000)
upgrade(-6.192, 2.350, -8.951, 22000)
upgrade(-7.262, 2.350, -2.703, 3500)
upgrade(-7.062, 2.350, -3.135, 3500)
upgrade(-6.923, 2.350, -2.654, 3500)
upgrade(-7.327, 2.350, -2.908, 3500)
upgrade(-6.900, 2.350, -2.983, 3500)
upgrade(-7.135, 2.350, -2.679, 3500)
upgrade(-7.162, 2.350, -3.013, 3500)
upgrade(-6.952, 2.350, -2.816, 3500)
upgrade(-7.224, 2.350, -2.808, 3500)
upgrade(-7.018, 2.350, -3.008, 3500)
upgrade(-7.036, 2.350, -2.707, 3500)
upgrade(-7.235, 2.350, -2.952, 3500)
upgrade(-6.909, 2.350, -2.904, 3500)
upgrade(-7.193, 2.350, -2.712, 3500)
upgrade(-7.110, 2.350, -3.057, 3500)
upgrade(-6.932, 2.350, -2.736, 3500)
upgrade(-7.262, 2.350, -2.703, 7000)
upgrade(-7.062, 2.350, -3.135, 7000)
upgrade(-6.923, 2.350, -2.654, 7000)
upgrade(-7.327, 2.350, -2.908, 7000)
upgrade(-6.900, 2.350, -2.983, 7000)
upgrade(-7.135, 2.350, -2.679, 7000)
upgrade(-7.162, 2.350, -3.013, 7000)
upgrade(-6.952, 2.350, -2.816, 7000)
upgrade(-7.224, 2.350, -2.808, 7000)
upgrade(-7.018, 2.350, -3.008, 7000)
upgrade(-7.036, 2.350, -2.707, 7000)
upgrade(-7.235, 2.350, -2.952, 7000)
upgrade(-6.909, 2.350, -2.904, 7000)
upgrade(-7.193, 2.350, -2.712, 7000)
upgrade(-7.110, 2.350, -3.057, 7000)
upgrade(-6.932, 2.350, -2.736, 7000)
upgrade(-7.802, 2.700, 0.003, 14000)
upgrade(-7.785, 2.700, 3.158, 14000)
upgrade(-10.489, 2.700, 1.471, 14000)
place(5.337, 1.000, -7.104, "Frost Blaster", 850)
place(5.403, 1.000, -10.113, "Frost Blaster", 850)
place(-16.398, 1.000, 3.629, "Frost Blaster", 850)
place(-19.545, 1.000, 3.547, "Frost Blaster", 850)
place(-22.615, 1.000, 3.262, "Frost Blaster", 850)
upgrade(5.337, 2.350, -7.104, 350)
upgrade(5.403, 2.350, -10.113, 350)
upgrade(-16.398, 2.350, 3.629, 350)
upgrade(-19.545, 2.350, 3.547, 350)
upgrade(-22.615, 2.350, 3.262, 350)
upgrade(5.337, 2.350, -7.104, 1500)
upgrade(5.403, 2.350, -10.113, 1500)
upgrade(-16.398, 2.350, 3.629, 1500)
upgrade(-19.545, 2.350, 3.547, 1500)
upgrade(-22.615, 2.350, 3.262, 1500)
place(-12.411, 1.000, -8.878, "Hacker", 900)
upgrade(-12.411, 2.403, -8.878, 125)
upgrade(-12.411, 2.403, -8.878, 1337)
upgrade(-12.411, 2.403, -8.878, 6500)
upgrade(-12.411, 2.403, -8.878, 24000)
upgrade(-12.411, 2.403, -8.878, 53200)
upgrade(-9.357, 2.403, -8.946, 60001)
place(-1.872, 10.229, -9.696, "Turret", 7750)
place(-1.872, 12.032, -9.696, "Turret", 7750)
place(-1.872, 12.300, -9.696, "Turret", 7750)
upgrade(-1.872, 10.229, -9.696, 3750)
upgrade(-1.872, 10.229, -9.696, 7500)
upgrade(-1.872, 10.229, -9.696, 20000)
upgrade(-1.872, 10.229, -9.696, 35000)
upgrade(-1.872, 10.229, -9.696, 65000)
upgrade(-1.872, 12.032, -9.696, 3750)
upgrade(-1.872, 12.032, -9.696, 7500)
upgrade(-1.872, 12.032, -9.696, 20000)
upgrade(-1.872, 12.032, -9.696, 35000)
upgrade(-1.872, 12.032, -9.696, 65000)
upgrade(-1.872, 12.300, -9.696, 3750)
upgrade(-1.872, 12.300, -9.696, 7500)
upgrade(-1.872, 12.300, -9.696, 20000)
upgrade(-1.872, 12.300, -9.696, 35000)
upgrade(-1.872, 12.300, -9.696, 65000)
upgrade(5.337, 2.350, -7.104, 3800)
upgrade(5.403, 2.350, -10.113, 3800)
upgrade(-16.398, 2.350, 3.629, 3800)
upgrade(-19.545, 2.350, 3.547, 3800)
upgrade(-22.615, 2.350, 3.262, 3800)
upgrade(-13.091, 2.350, 3.240, 9500)
upgrade(5.337, 2.350, -7.104, 9500)
upgrade(5.403, 2.350, -10.113, 9500)
upgrade(-16.398, 2.350, 3.629, 9500)
upgrade(-19.545, 2.350, 3.547, 9500)
upgrade(-22.615, 2.350, 3.262, 9500)
