place(-18.151, 1.000, -1.997, "Brawler", 300)
place(-18.107, 1.000, -4.054, "Brawler", 300)
place(-18.151, 1.000, -6.177, "Brawler", 300)
place(-18.542, 1.000, -8.196, "Brawler", 300)
place(-18.596, 1.000, -10.311, "Brawler", 300)
upgrade(-18.596, 2.423, -10.311, 200)
place(-18.692, 1.000, -12.326, "Brawler", 300)
place(-20.737, 1.000, -12.712, "Brawler", 300)
upgrade(-20.737, 2.423, -12.712, 200)
place(-20.607, 1.000, -14.746, "Brawler", 300)
upgrade(-20.607, 2.423, -14.746, 200)
place(-18.572, 1.000, -14.465, "Brawler", 300)
upgrade(-18.151, 2.423, -6.177, 200)
upgrade(-18.107, 2.423, -4.054, 200)
upgrade(-18.151, 2.423, -1.997, 200)
upgrade(-18.542, 2.423, -8.196, 200)
upgrade(-18.107, 2.423, -4.054, 1200)
upgrade(-18.107, 2.423, -4.054, 2500)
upgrade(-18.151, 2.423, -1.997, 1200)
upgrade(-18.151, 2.423, -1.997, 2500)
upgrade(-18.151, 2.423, -6.177, 1200)
upgrade(-18.151, 2.423, -6.177, 2500)
upgrade(-18.542, 2.423, -8.196, 1200)
upgrade(-18.542, 2.423, -8.196, 2500)
place(-20.869, 1.000, 3.329, "Frost Blaster", 850)
upgrade(-20.869, 2.350, 3.329, 350)
SetTarget(-20.869, 2.350, 3.329, "Random")
SetTarget(-20.869, 2.350, 3.329, "Farthest")
upgrade(-20.869, 2.350, 3.329, 1500)
upgrade(-20.869, 2.350, 3.329, 3800)
upgrade(-18.596, 2.423, -10.311, 1200)
upgrade(-18.596, 2.423, -10.311, 2500)
upgrade(-18.692, 2.423, -12.326, 200)
upgrade(-18.692, 2.423, -12.326, 1200)
upgrade(-18.692, 2.423, -12.326, 2500)
upgrade(-18.572, 2.423, -14.465, 200)
place(-17.787, 1.000, 3.226, "Crook Boss", 800)
upgrade(-17.787, 2.350, 3.226, 525)
upgrade(-17.787, 2.350, 3.226, 1000)
place(-14.669, 1.000, 3.277, "Crook Boss", 800)
upgrade(-14.669, 2.350, 3.277, 525)
upgrade(-14.669, 2.350, 3.277, 1000)
place(-6.235, 1.000, -3.415, "Crook Boss", 800)
upgrade(-6.235, 2.350, -3.415, 525)
upgrade(-6.235, 2.350, -3.415, 1000)
place(-10.057, 1.000, -8.919, "Crook Boss", 800)
upgrade(-10.057, 2.350, -8.919, 525)
upgrade(-10.057, 2.350, -8.919, 1000)
place(-6.991, 1.000, -8.956, "Crook Boss", 800)
upgrade(-6.991, 2.350, -8.956, 525)
upgrade(-6.991, 2.350, -8.956, 1000)
place(0.170, 1.000, -9.038, "Frost Blaster", 850)
upgrade(0.170, 2.350, -9.038, 350)
upgrade(0.170, 2.350, -9.038, 1500)
upgrade(0.170, 2.350, -9.038, 3800)
place(5.413, 1.000, -5.774, "Frost Blaster", 850)
upgrade(5.413, 2.350, -5.774, 350)
upgrade(5.413, 2.350, -5.774, 1500)
upgrade(5.413, 2.350, -5.774, 3800)
SetTarget(5.413, 2.350, -5.774, "Random")
SetTarget(5.413, 2.350, -5.774, "Farthest")
place(-3.224, 1.000, -3.238, "Engineer", 600)
upgrade(-3.224, 2.350, -3.238, 325)
upgrade(-3.224, 2.350, -3.238, 900)
upgrade(-3.224, 2.350, -3.238, 2077)
upgrade(-3.224, 2.350, -3.238, 6250)
upgrade(-3.224, 2.350, -3.238, 12500)
place(-0.149, 1.000, -3.246, "Engineer", 600)
upgrade(-0.149, 2.350, -3.246, 325)
upgrade(-0.149, 2.350, -3.246, 900)
upgrade(-0.149, 2.350, -3.246, 2077)
upgrade(-0.149, 2.350, -3.246, 6250)
upgrade(-0.149, 2.350, -3.246, 12500)
place(2.918, 1.000, -3.384, "Engineer", 600)
upgrade(2.918, 2.350, -3.384, 325)
upgrade(2.918, 2.350, -3.384, 900)
upgrade(2.918, 2.350, -3.384, 2077)
upgrade(2.918, 2.350, -3.384, 6250)
upgrade(2.918, 2.350, -3.384, 12500)
place(-1.109, 1.000, -11.834, "Engineer", 600)
upgrade(-1.109, 2.350, -11.834, 325)
upgrade(-1.109, 2.350, -11.834, 900)
upgrade(-1.109, 2.350, -11.834, 2077)
upgrade(-1.109, 2.350, -11.834, 6250)
place(-3.242, 1.000, -14.297, "Engineer", 600)
upgrade(-3.242, 2.350, -14.297, 325)
upgrade(-3.242, 2.350, -14.297, 900)
upgrade(-3.242, 2.350, -14.297, 2077)
upgrade(-3.242, 2.350, -14.297, 6250)
upgrade(-3.242, 2.350, -14.297, 12500)
place(-0.230, 1.000, -15.169, "Engineer", 600)
upgrade(-0.230, 2.350, -15.169, 325)
upgrade(-0.230, 2.350, -15.169, 900)
upgrade(-0.230, 2.350, -15.169, 2077)
upgrade(-0.230, 2.350, -15.169, 6250)
upgrade(-0.230, 2.350, -15.169, 12500)
place(-23.958, 1.000, 3.501, "Frost Blaster", 850)
upgrade(-23.958, 2.350, 3.501, 350)
upgrade(-23.958, 2.350, 3.501, 1500)
upgrade(-23.958, 2.350, 3.501, 3800)
upgrade(-6.991, 2.350, -8.956, 5000)
upgrade(-10.057, 2.350, -8.919, 5000)
upgrade(-6.235, 2.350, -3.415, 5000)
upgrade(-14.669, 2.350, 3.277, 5000)
upgrade(-17.787, 2.350, 3.226, 5000)
upgrade(2.918, 2.350, -3.384, 32500)
upgrade(5.413, 2.350, -5.774, 9500)
upgrade(-20.869, 2.350, 3.329, 9500)
upgrade(-23.958, 2.350, 3.501, 9500)
upgrade(-3.224, 2.350, -3.238, 32500)
upgrade(-0.149, 2.350, -3.246, 32500)
upgrade(0.170, 2.350, -9.038, 9500)
upgrade(-0.230, 2.350, -15.169, 32500)
upgrade(-1.109, 2.350, -11.834, 12500)
upgrade(-1.109, 2.350, -11.834, 32500)
place(10.466, 1.000, 2.512, "Frost Blaster", 850)
upgrade(10.466, 2.350, 2.512, 350)
upgrade(10.466, 2.350, 2.512, 1500)
upgrade(10.466, 2.350, 2.512, 3800)
upgrade(10.466, 2.350, 2.512, 9500)
place(19.451, 1.000, 6.820, "Frost Blaster", 850)
upgrade(19.451, 2.350, 6.820, 350)
upgrade(19.451, 2.350, 6.820, 1500)
upgrade(19.451, 2.350, 6.820, 3800)
upgrade(19.451, 2.350, 6.820, 9500)
upgrade(-3.242, 2.350, -14.297, 32500)
upgrade(-6.991, 2.350, -8.956, 16000)
upgrade(-10.057, 2.350, -8.919, 16000)
upgrade(-6.235, 2.350, -3.415, 16000)
place(5.585, 1.000, 3.114, "Turret", 7750)
upgrade(5.585, 1.950, 3.114, 3750)
upgrade(5.585, 1.950, 3.114, 7500)
upgrade(5.585, 1.950, 3.114, 20000)
upgrade(5.585, 1.950, 3.114, 35000)
upgrade(5.585, 1.950, 3.114, 65000)
place(5.398, 1.000, -9.489, "Turret", 7750)
upgrade(5.398, 1.950, -9.489, 3750)
upgrade(5.398, 1.950, -9.489, 7500)
upgrade(5.398, 1.950, -9.489, 20000)
upgrade(5.398, 1.950, -9.489, 35000)
upgrade(5.398, 1.950, -9.489, 65000)
place(9.372, 1.000, -10.053, "Turret", 7750)
upgrade(9.372, 1.950, -10.053, 3750)
upgrade(9.372, 1.950, -10.053, 7500)
upgrade(9.372, 1.950, -10.053, 20000)
upgrade(9.372, 1.950, -10.053, 35000)
upgrade(9.372, 1.950, -10.053, 65000)
