place(11.066, 0.972, 24.100, "Engineer", 600)
upgrade(11.066, 2.322, 24.100, 350)
place(14.164, 0.976, 24.072, "Engineer", 600)
upgrade(14.164, 2.326, 24.072, 350)
upgrade(11.066, 2.322, 24.100, 1000)
upgrade(14.164, 2.326, 24.072, 1000)
place(17.270, 0.980, 24.083, "Engineer", 600)
upgrade(17.270, 2.330, 24.083, 350)
upgrade(17.270, 2.330, 24.083, 1000)
place(12.443, 0.976, 27.370, "Tesla", 2500)
place(-2.170, 0.960, 31.781, "Gatling Gun", 5250)
upgrade(12.443, 2.324, 27.370, 1856)
place(15.971, 0.981, 26.977, "Hacker", 900)
upgrade(15.971, 2.384, 26.977, 125)
upgrade(15.971, 2.384, 26.977, 1337)
place(14.931, 0.981, 29.875, "Hacker", 900)
upgrade(14.931, 2.385, 29.875, 125)
upgrade(14.931, 2.385, 29.875, 1337)
upgrade(11.066, 2.322, 24.100, 2077)
upgrade(14.164, 2.326, 24.072, 2077)
upgrade(17.270, 2.330, 24.083, 2077)
place(11.878, 0.978, 30.883, "Engineer", 600)
upgrade(11.878, 2.328, 30.883, 350)
upgrade(11.878, 2.328, 30.883, 1000)
upgrade(11.878, 2.328, 30.883, 2077)
place(11.824, 0.997, 33.986, "Engineer", 600)
upgrade(11.824, 2.347, 33.986, 350)
upgrade(11.824, 2.347, 33.986, 1000)
upgrade(11.824, 2.347, 33.986, 2077)
place(14.672, 0.984, 32.956, "Engineer", 600)
upgrade(14.672, 2.334, 32.956, 350)
upgrade(14.672, 2.334, 32.956, 1000)
upgrade(14.672, 2.334, 32.956, 2077)
upgrade(12.443, 2.324, 27.370, 8400)
place(8.416, 0.971, 27.586, "Tesla", 2500)
upgrade(8.416, 2.318, 27.586, 1856)
upgrade(-2.170, 1.858, 31.781, 3000)
upgrade(-2.170, 1.858, 31.781, 7500)
upgrade(8.416, 2.318, 27.586, 8400)
upgrade(-2.170, 1.858, 31.781, 15000)
upgrade(14.931, 2.385, 29.875, 6500)
upgrade(15.971, 2.384, 26.977, 6500)
upgrade(11.066, 2.322, 24.100, 7500)
upgrade(14.164, 2.326, 24.072, 7500)
upgrade(17.270, 2.330, 24.083, 7500)
upgrade(11.878, 2.328, 30.883, 7500)
upgrade(11.824, 2.347, 33.986, 7500)
upgrade(14.672, 2.334, 32.956, 7500)
place(13.282, 4.163, 7.996, "Mortar", 1000)
upgrade(13.282, 5.513, 7.996, 500)
upgrade(13.282, 5.513, 7.996, 2250)
upgrade(13.282, 5.513, 7.996, 4250)
place(9.593, 4.195, 8.123, "Mortar", 1000)
upgrade(9.593, 5.545, 8.123, 500)
upgrade(9.593, 5.545, 8.123, 2250)
upgrade(9.593, 5.545, 8.123, 4250)
place(6.208, 4.498, 6.566, "Mortar", 1000)
upgrade(6.208, 5.848, 6.566, 500)
upgrade(6.208, 5.848, 6.566, 2250)
upgrade(6.208, 5.848, 6.566, 4250)
upgrade(13.282, 5.513, 7.996, 19000)
upgrade(9.593, 5.545, 8.123, 19000)
upgrade(6.208, 5.848, 6.566, 19000)
upgrade(15.971, 2.384, 26.977, 24000)
upgrade(14.931, 2.385, 29.875, 24000)
upgrade(6.208, 5.848, 6.566, 35500)
upgrade(9.593, 5.545, 8.123, 35500)
upgrade(13.282, 5.513, 7.996, 35500)
upgrade(-2.170, 1.858, 31.781, 32500)
upgrade(-2.170, 1.858, 31.781, 50000)
upgrade(-2.170, 1.858, 31.781, 100000)
upgrade(12.443, 2.324, 27.370, 18450)
upgrade(12.443, 2.324, 27.370, 50001)
upgrade(8.416, 2.318, 27.586, 18450)
upgrade(8.416, 2.318, 27.586, 50001)
upgrade(14.931, 2.385, 29.875, 48000)
upgrade(11.066, 2.322, 24.100, 12500)
upgrade(11.066, 2.322, 24.100, 32500)
upgrade(14.164, 2.326, 24.072, 12500)
upgrade(14.164, 2.326, 24.072, 32500)
upgrade(17.270, 2.330, 24.083, 12500)
upgrade(17.270, 2.330, 24.083, 32500)
upgrade(11.824, 2.347, 33.986, 12500)
upgrade(11.824, 2.347, 33.986, 32500)
upgrade(11.878, 2.328, 30.883, 12500)
upgrade(11.878, 2.328, 30.883, 32500)
upgrade(14.672, 2.334, 32.956, 12500)
upgrade(14.672, 2.334, 32.956, 32500)
upgrade(15.971, 2.384, 26.977, 48000)
