place(2.713, -6.368, 6.585, "Engineer", 600)
upgrade(2.713, -5.018, 6.585, 350)
place(1.573, -6.368, 3.703, "Engineer", 600)
upgrade(1.573, -5.018, 3.703, 350)
place(4.662, -6.368, 4.178, "Engineer", 600)
upgrade(4.662, -5.018, 4.178, 350)
place(-0.261, -6.368, 1.198, "Engineer", 600)
upgrade(-0.261, -5.018, 1.198, 350)
upgrade(-0.261, -5.018, 1.198, 1000)
upgrade(1.573, -5.018, 3.703, 1000)
upgrade(2.713, -5.018, 6.585, 1000)
place(4.311, -6.368, 11.195, "Tesla", 2500)
upgrade(4.311, -5.020, 11.195, 1856)
upgrade(4.662, -5.018, 4.178, 1000)
place(7.932, -6.368, 2.432, "Gatling Gun", 5250)
upgrade(7.932, -5.469, 2.432, 3000)
place(-8.734, -6.368, -14.576, "Mercenary Base", 2750)
upgrade(-8.734, -6.393, -14.576, 1350)
SetMercenaryUnit(-8.734, -6.393, -14.576, "Unit 1", "Grenadier", 2607)
upgrade(-8.734, -6.393, -14.576, 2750)
upgrade(7.932, -5.469, 2.432, 7500)
SetMercenaryUnit(-8.734, -6.393, -14.576, "Unit 2", "Grenadier", 9338)
upgrade(-8.734, -6.393, -14.576, 9650)
place(-13.257, -6.368, -14.460, "Mercenary Base", 2750)
upgrade(-13.257, -6.393, -14.460, 1350)
upgrade(-13.257, -6.393, -14.460, 2750)
SetMercenaryUnit(-13.257, -6.393, -14.460, "Unit 1", "Grenadier", 556)
SetMercenaryUnit(-13.257, -6.393, -14.460, "Unit 2", "Grenadier", 556)
place(5.776, -6.368, -3.948, "Mercenary Base", 2750)
upgrade(5.776, -6.393, -3.948, 1350)
SetMercenaryUnit(5.776, -6.393, -3.948, "Unit 1", "Grenadier", 5129)
upgrade(5.776, -6.393, -3.948, 2750)
SetMercenaryUnit(5.776, -6.393, -3.948, "Unit 2", "Grenadier", 2379)
upgrade(5.776, -6.393, -3.948, 9650)
upgrade(-8.734, -6.393, -14.576, 10000)
upgrade(5.776, -6.393, -3.948, 10000)
SetMercenaryUnit(5.776, -6.393, -3.948, "Unit 3", "Riot Guard", 5265)
upgrade(5.776, -6.393, -3.948, 12500)
AirDrop(5.776, -6.393, -3.948, 20.539, -6.165, 3.359, 1, 91.145, 5178)
SetMercenaryUnit(5.776, -6.393, -3.948, "Unit 3", "Grenadier", 20710)
upgrade(7.932, -5.469, 2.432, 15000)
upgrade(4.311, -5.020, 11.195, 8400)
place(4.830, -6.368, 0.755, "Engineer", 600)
upgrade(4.830, -5.018, 0.755, 350)
upgrade(4.830, -5.018, 0.755, 1000)
place(2.121, -6.368, -0.848, "Engineer", 600)
upgrade(2.121, -5.018, -0.848, 350)
upgrade(2.121, -5.018, -0.848, 1000)
upgrade(2.121, -5.018, -0.848, 2077)
upgrade(-0.261, -5.018, 1.198, 2077)
upgrade(4.830, -5.018, 0.755, 2077)
upgrade(4.830, -5.018, 0.755, 7500)
AirDrop(5.776, -6.393, -3.948, 16.850, -6.165, 1.414, 1, 86.723, 11112)
upgrade(7.932, -5.469, 2.432, 32500)
upgrade(-13.257, -6.393, -14.460, 9650)
upgrade(1.573, -5.018, 3.703, 2077)
upgrade(2.713, -5.018, 6.585, 2077)
upgrade(4.662, -5.018, 4.178, 2077)
upgrade(4.311, -5.020, 11.195, 18450)
AirDrop(5.776, -6.393, -3.948, 22.844, -6.165, 7.873, 1, 96.786, 16502)
upgrade(5.776, -6.393, -3.948, 45000)
upgrade(-13.257, -6.393, -14.460, 10000)
SetMercenaryUnit(-13.257, -6.393, -14.460, "Unit 3", "Riot Guard", 30940)
upgrade(-8.734, -6.393, -14.576, 12500)
SetMercenaryUnit(-8.734, -6.393, -14.576, "Unit 3", "Field Medic", 28340)
upgrade(-13.257, -6.393, -14.460, 12500)
AirDrop(5.776, -6.393, -3.948, 19.644, -6.165, 2.730, 1, 90.233, 37693)
AirDrop(-8.734, -6.393, -14.576, 19.725, -6.165, 2.785, 1, 90.233, 36049)
AirDrop(-13.257, -6.393, -14.460, 19.725, -6.165, 2.785, 1, 90.233, 33551)
upgrade(7.932, -5.469, 2.432, 50000)
upgrade(-8.734, -6.393, -14.576, 45000)
AirDrop(5.776, -6.393, -3.948, 11.931, -6.165, -11.231, 1, 138.303, 44943)
AirDrop(-8.734, -6.393, -14.576, 11.742, -6.165, -13.405, 1, 139.604, 42443)
AirDrop(-13.257, -6.393, -14.460, 11.742, -6.165, -13.405, 1, 139.604, 39943)
upgrade(-13.257, -6.393, -14.460, 45000)
upgrade(4.311, -5.020, 11.195, 50001)
AirDrop(5.776, -6.393, -3.948, -2.678, -6.165, -15.178, 1, 181.515, 72811)
AirDrop(-8.734, -6.393, -14.576, -2.638, -6.165, -15.183, 1, 181.515, 70891)
AirDrop(-13.257, -6.393, -14.460, -2.638, -6.165, -15.183, 1, 181.515, 69010)
upgrade(7.932, -5.469, 2.432, 100000)
place(0.642, -6.368, 14.272, "Tesla", 2500)
upgrade(0.642, -5.020, 14.272, 1856)
upgrade(0.642, -5.020, 14.272, 8400)
upgrade(0.642, -5.020, 14.272, 18450)
upgrade(0.642, -5.020, 14.272, 50001)
AirDrop(5.776, -6.393, -3.948, -3.232, -6.165, -15.152, 1, 180.643, 185083)
AirDrop(-8.734, -6.393, -14.576, -4.369, -6.165, -15.272, 1, 179.756, 182583)
AirDrop(-13.257, -6.393, -14.460, -4.369, -6.165, -15.272, 1, 179.756, 180085)
upgrade(4.662, -5.018, 4.178, 7500)
upgrade(4.662, -5.018, 4.178, 12500)
upgrade(4.662, -5.018, 4.178, 32500)
upgrade(2.713, -5.018, 6.585, 7500)
upgrade(2.713, -5.018, 6.585, 12500)
upgrade(2.713, -5.018, 6.585, 32500)
upgrade(4.830, -5.018, 0.755, 12500)
upgrade(4.830, -5.018, 0.755, 32500)
upgrade(-0.261, -5.018, 1.198, 7500)
upgrade(-0.261, -5.018, 1.198, 12500)
upgrade(-0.261, -5.018, 1.198, 32500)
upgrade(2.121, -5.018, -0.848, 7500)
upgrade(2.121, -5.018, -0.848, 12500)
upgrade(2.121, -5.018, -0.848, 32500)
upgrade(1.573, -5.018, 3.703, 7500)
upgrade(1.573, -5.018, 3.703, 12500)
upgrade(1.573, -5.018, 3.703, 32500)
AirDrop(5.776, -6.393, -3.948, -1.764, -6.165, -15.370, 1, 182.357, 125579)
AirDrop(-8.734, -6.393, -14.576, -1.764, -6.165, -15.370, 1, 182.357, 123080)
AirDrop(-13.257, -6.393, -14.460, -1.748, -6.165, -15.376, 1, 182.357, 120579)
AirDrop(-13.257, -6.393, -14.460, -1.748, -6.165, -15.376, 1, 182.357, 118081)
place(-5.080, -1.745, 5.863, "Mortar", 1000)
upgrade(-5.080, -0.395, 5.863, 500)
upgrade(-5.080, -0.395, 5.863, 2250)
upgrade(-5.080, -0.395, 5.863, 4250)
upgrade(-5.080, -0.395, 5.863, 19000)
upgrade(-5.080, -0.395, 5.863, 35500)
place(-9.955, -2.459, -8.869, "Mortar", 1000)
upgrade(-9.955, -1.109, -8.869, 500)
upgrade(-9.955, -1.109, -8.869, 2250)
upgrade(-9.955, -1.109, -8.869, 4250)
upgrade(-9.955, -1.109, -8.869, 19000)
upgrade(-9.955, -1.109, -8.869, 35500)
place(-13.384, -2.459, -10.384, "Mortar", 1000)
upgrade(-13.384, -1.109, -10.384, 500)
upgrade(-13.384, -1.109, -10.384, 2250)
upgrade(-13.384, -1.109, -10.384, 4250)
upgrade(-13.384, -1.109, -10.384, 19000)
upgrade(-13.384, -1.109, -10.384, 35500)
AirDrop(5.776, -6.393, -3.948, 12.021, -6.165, -6.030, 1, 132.954, 308915)
AirDrop(-8.734, -6.393, -14.576, 12.021, -6.165, -6.030, 1, 132.954, 306415)
AirDrop(-13.257, -6.393, -14.460, 12.021, -6.165, -6.030, 1, 132.954, 303939)
