place(5.216, 1.000, 10.913, "Cowboy", 750)
place(7.719, 1.000, 10.847, "Cowboy", 750)
place(5.048, 1.000, 8.362, "Cowboy", 750)
upgrade(5.216, 2.350, 10.913, 225)
upgrade(7.719, 2.350, 10.847, 225)
upgrade(5.048, 2.350, 8.362, 225)
upgrade(5.216, 2.350, 10.913, 825)
upgrade(7.719, 2.350, 10.847, 825)
place(7.787, 1.000, 7.959, "Engineer", 900)
upgrade(7.787, 2.350, 7.959, 525)
upgrade(7.787, 2.350, 7.959, 825)
upgrade(5.048, 2.350, 8.362, 825)
SetTarget(7.787, 2.350, 7.959, "Last")
SetTarget(7.787, 2.350, 7.959, "Strongest")
place(5.083, 1.000, 5.824, "Cowboy", 750)
upgrade(5.083, 2.350, 5.824, 225)
upgrade(5.083, 2.350, 5.824, 825)
place(2.766, 1.000, 2.549, "Tesla", 3813)
place(2.751, 1.000, 16.908, "Gatling Gun", 7875)
place(7.821, 1.000, 4.868, "Engineer", 900)
upgrade(7.821, 2.350, 4.868, 525)
upgrade(7.821, 2.350, 4.868, 825)
place(10.917, 1.000, 7.898, "Engineer", 900)
upgrade(10.917, 2.350, 7.898, 525)
upgrade(10.917, 2.350, 7.898, 825)
place(10.560, 1.000, 10.961, "Engineer", 900)
upgrade(10.560, 2.350, 10.961, 525)
upgrade(10.560, 2.350, 10.961, 825)
upgrade(2.751, 1.899, 16.908, 4500)
upgrade(2.766, 2.348, 2.549, 6791)
place(2.697, 1.000, -20.083, "Tesla", 4007)
place(6.080, 1.000, 2.706, "Cowboy", 750)
upgrade(6.080, 2.350, 2.706, 225)
upgrade(6.080, 2.350, 2.706, 825)
place(9.733, 1.000, 2.755, "Cowboy", 750)
upgrade(9.733, 2.350, 2.755, 225)
upgrade(9.733, 2.350, 2.755, 825)
upgrade(6.080, 2.350, 2.706, 2250)
upgrade(9.733, 2.350, 2.755, 2250)
upgrade(5.083, 2.350, 5.824, 2250)
upgrade(5.048, 2.350, 8.362, 2250)
upgrade(7.719, 2.350, 10.847, 2250)
upgrade(5.216, 2.350, 10.913, 2250)
upgrade(6.080, 2.350, 2.706, 4500)
upgrade(9.733, 2.350, 2.755, 4500)
upgrade(5.083, 2.350, 5.824, 4500)
upgrade(5.048, 2.350, 8.362, 4500)
upgrade(5.216, 2.350, 10.913, 4500)
upgrade(7.719, 2.350, 10.847, 4500)
upgrade(2.697, 2.348, -20.083, 4087)
upgrade(2.751, 1.899, 16.908, 11250)
upgrade(2.766, 2.348, 2.549, 17553)
place(20.524, 12.663, 20.193, "Ranger", 6750)
place(23.665, 12.663, 20.082, "Ranger", 6750)
place(26.796, 12.663, 20.119, "Ranger", 6750)
place(20.571, 12.663, 23.265, "Ranger", 6750)
place(23.595, 12.663, 23.223, "Ranger", 6750)
place(26.664, 12.663, 23.258, "Ranger", 6750)
place(20.223, 9.783, 24.304, "Ranger", 6750)
place(20.138, 9.783, 27.311, "Ranger", 6750)
upgrade(20.420, 14.662, 20.107, 54313)
upgrade(23.546, 14.662, 20.018, 52063)
upgrade(26.670, 14.662, 20.068, 49813)
upgrade(20.489, 14.662, 23.157, 47563)
upgrade(23.465, 14.662, 23.183, 45313)
upgrade(26.534, 14.662, 23.222, 43063)
upgrade(20.141, 11.782, 24.196, 40813)
upgrade(20.066, 11.782, 27.197, 38563)
upgrade(2.751, 1.899, 16.908, 22500)
upgrade(2.697, 2.348, -20.083, 29378)
upgrade(20.470, 14.662, 20.069, 24028)
upgrade(23.593, 14.662, 19.967, 15778)
upgrade(26.737, 14.662, 19.997, 16928)
upgrade(20.526, 14.662, 23.137, 10278)
upgrade(23.546, 14.662, 23.097, 16093)
upgrade(26.611, 14.662, 23.134, 11993)
upgrade(20.148, 11.782, 24.191, 9448)
upgrade(20.070, 11.782, 27.194, 10038)
upgrade(20.474, 14.662, 20.067, 46028)
upgrade(23.594, 14.662, 19.967, 27503)
upgrade(20.038, 11.782, 27.220, 23878)
upgrade(20.392, 14.662, 20.162, 48703)
upgrade(20.085, 11.782, 27.186, 38728)
upgrade(26.661, 14.662, 20.104, 32438)
upgrade(20.527, 14.662, 23.137, 25990)
upgrade(23.508, 14.662, 23.119, 32968)
upgrade(20.132, 11.782, 24.204, 82043)
upgrade(20.178, 11.782, 24.176, 70018)
upgrade(20.513, 14.662, 23.142, 51566)
upgrade(2.751, 1.899, 16.908, 48750)
upgrade(2.766, 2.348, 2.549, 36529)
upgrade(23.532, 14.662, 20.059, 77754)
upgrade(23.465, 14.662, 23.184, 40254)
upgrade(26.662, 14.662, 20.141, 82964)
upgrade(26.529, 14.662, 23.256, 45614)
upgrade(26.568, 14.662, 23.163, 51339)
upgrade(2.751, 1.899, 16.908, 75000)
upgrade(7.787, 2.350, 7.959, 3375)
upgrade(7.787, 2.350, 7.959, 7125)
upgrade(7.787, 2.350, 7.959, 20250)
upgrade(7.787, 2.350, 7.959, 52500)
upgrade(7.787, 2.350, 7.959, 64214)
upgrade(10.917, 2.350, 7.898, 3375)
upgrade(10.917, 2.350, 7.898, 7125)
upgrade(10.917, 2.350, 7.898, 20250)
upgrade(10.917, 2.350, 7.898, 52500)
upgrade(7.821, 2.350, 4.868, 3375)
upgrade(7.821, 2.350, 4.868, 7125)
upgrade(7.821, 2.350, 4.868, 20250)
upgrade(7.821, 2.350, 4.868, 52500)
upgrade(10.560, 2.350, 10.961, 3375)
upgrade(10.560, 2.350, 10.961, 7125)
upgrade(10.560, 2.350, 10.961, 20250)
upgrade(10.560, 2.350, 10.961, 52500)
place(11.655, 1.000, 4.947, "Engineer", 900)
upgrade(11.655, 2.350, 4.947, 525)
upgrade(11.655, 2.350, 4.947, 825)
upgrade(11.655, 2.350, 4.947, 3375)
upgrade(11.655, 2.350, 4.947, 7125)
upgrade(11.655, 2.350, 4.947, 20250)
upgrade(11.655, 2.350, 4.947, 52500)
place(14.023, 1.000, 7.977, "Engineer", 900)
upgrade(14.023, 2.350, 7.977, 525)
upgrade(14.023, 2.350, 7.977, 825)
upgrade(14.023, 2.350, 7.977, 3375)
upgrade(14.023, 2.350, 7.977, 7125)
upgrade(14.023, 2.350, 7.977, 20250)
upgrade(14.023, 2.350, 7.977, 52500)
upgrade(2.766, 2.348, 2.549, 76119)
sell(2.697, 2.348, -20.083)
place(2.740, 1.000, -2.669, "Tesla", 197679)
upgrade(2.740, 2.348, -2.669, 193929)
upgrade(2.740, 2.348, -2.669, 191145)
upgrade(2.740, 2.348, -2.669, 178545)
upgrade(2.740, 2.348, -2.669, 150870)
upgrade(2.751, 1.899, 16.908, 150000)
upgrade(5.083, 2.350, 5.824, 7875)
upgrade(6.080, 2.350, 2.706, 7875)
upgrade(9.733, 2.350, 2.755, 7875)
upgrade(5.048, 2.350, 8.362, 7875)
upgrade(5.216, 2.350, 10.913, 7875)
upgrade(7.719, 2.350, 10.847, 7875)
place(2.681, 1.000, -31.513, "Cowboy", 750)
sell(7.719, 2.350, 10.847)
place(-2.822, 1.000, -2.918, "Cowboy", 750)
upgrade(-2.822, 2.350, -2.918, 225)
upgrade(-2.822, 2.350, -2.918, 825)
upgrade(-2.822, 2.350, -2.918, 2250)
upgrade(-2.822, 2.350, -2.918, 4500)
upgrade(-2.822, 2.350, -2.918, 7875)
sell(5.216, 2.350, 10.913)
place(16.765, 1.000, -3.152, "Cowboy", 750)
upgrade(16.765, 2.350, -3.152, 225)
upgrade(16.765, 2.350, -3.152, 825)
upgrade(16.765, 2.350, -3.152, 2250)
upgrade(16.765, 2.350, -3.152, 4500)
upgrade(16.765, 2.350, -3.152, 7875)
