place(-24.369, -0.580, -7.342, "Farm", 300)
place(-22.810, -0.573, -4.140, "Farm", 300)
upgrade(-24.369, -0.520, -7.342, 200)
upgrade(-22.810, -0.513, -4.140, 200)
place(-20.982, -0.586, -1.089, "Farm", 300)
upgrade(-20.982, -0.526, -1.089, 200)
place(-19.432, -0.626, 2.174, "Farm", 300)
upgrade(-19.432, -0.566, 2.174, 200)
upgrade(-24.369, -0.520, -7.342, 600)
upgrade(-22.810, -0.513, -4.140, 600)
upgrade(-20.982, -0.526, -1.089, 600)
upgrade(-19.432, -0.566, 2.174, 600)
upgrade(-24.369, -0.520, -7.342, 1250)
upgrade(-22.810, -0.513, -4.140, 1250)
upgrade(-20.982, -0.526, -1.089, 1250)
upgrade(-19.432, -0.566, 2.174, 1250)
place(8.132, 1.289, -34.269, "Gatling Gun", 5250)
place(-23.324, -0.476, 3.289, "Farm", 300)
upgrade(-23.324, -0.416, 3.289, 200)
upgrade(-23.324, -0.416, 3.289, 600)
upgrade(-23.324, -0.416, 3.289, 1250)
place(-25.007, -0.564, -0.112, "Farm", 300)
upgrade(-25.007, -0.505, -0.112, 200)
upgrade(-25.007, -0.505, -0.112, 600)
upgrade(-25.007, -0.505, -0.112, 1250)
place(-29.291, -0.822, -0.936, "Farm", 300)
upgrade(-29.291, -0.762, -0.936, 200)
upgrade(-29.291, -0.762, -0.936, 600)
upgrade(-29.291, -0.762, -0.936, 1250)
place(-0.778, 0.972, -31.629, "Firework Technician", 1500)
place(-32.036, -0.900, -3.645, "Farm", 300)
upgrade(-32.036, -0.840, -3.645, 200)
upgrade(-32.036, -0.840, -3.645, 600)
upgrade(-32.036, -0.840, -3.645, 1250)
upgrade(8.133, 2.187, -34.269, 3000)
place(-34.798, -1.827, 0.439, "Farm", 300)
upgrade(-34.798, -1.767, 0.439, 200)
upgrade(-34.798, -1.767, 0.439, 600)
upgrade(-34.798, -1.767, 0.439, 1250)
place(-35.654, -1.564, -2.959, "Farm", 300)
upgrade(-35.654, -1.505, -2.959, 200)
upgrade(-35.654, -1.505, -2.959, 600)
upgrade(-35.654, -1.505, -2.959, 1250)
upgrade(8.133, 2.187, -34.269, 7500)
upgrade(-0.778, 2.322, -31.629, 2000)
upgrade(-0.778, 2.322, -31.629, 6500)
place(1.187, 1.026, -33.985, "Frost Blaster", 850)
upgrade(1.187, 2.376, -33.985, 350)
upgrade(1.187, 2.376, -33.985, 1500)
upgrade(1.187, 2.376, -33.985, 3800)
place(4.179, 1.129, -33.622, "Frost Blaster", 850)
upgrade(4.179, 2.479, -33.622, 350)
upgrade(4.179, 2.479, -33.622, 1500)
upgrade(4.179, 2.479, -33.622, 3800)
SetTarget(4.179, 2.479, -33.622, "Random")
SetTarget(4.179, 2.479, -33.622, "Farthest")
upgrade(8.133, 2.187, -34.269, 15000)
upgrade(8.133, 2.187, -34.269, 325000)
upgrade(-0.778, 2.322, -31.629, 12000)
upgrade(-0.778, 2.322, -31.629, 22000)
upgrade(8.133, 2.187, -34.269, 50000)
upgrade(4.179, 2.479, -33.622, 9500)
upgrade(1.187, 2.376, -33.985, 9500)
upgrade(8.133, 2.187, -34.269, 100000)
place(-11.094, 1.040, -35.106, "Shotgunner", 1225)
upgrade(-11.094, 2.390, -35.106, 640)
upgrade(-11.094, 2.390, -35.106, 1550)
place(-11.177, 1.019, -32.999, "Shotgunner", 1225)
upgrade(-11.177, 2.369, -32.999, 640)
upgrade(-11.177, 2.369, -32.999, 1550)
place(-9.630, 0.988, -31.568, "Shotgunner", 1225)
upgrade(-9.630, 2.338, -31.568, 640)
upgrade(-9.630, 2.338, -31.568, 1550)
place(-11.996, 0.163, -18.059, "Frost Blaster", 850)
upgrade(-11.996, 1.513, -18.059, 350)
upgrade(-11.996, 1.513, -18.059, 1500)
upgrade(-11.996, 1.513, -18.059, 3800)
upgrade(-11.996, 1.513, -18.059, 9500)
SetTarget(-11.996, 1.513, -18.059, "Random")
SetTarget(-11.996, 1.513, -18.059, "Farthest")
place(-13.196, 1.127, -40.951, "Frost Blaster", 850)
upgrade(-13.196, 2.477, -40.951, 350)
upgrade(-13.196, 2.477, -40.951, 1500)
place(-10.063, 1.083, -41.045, "Frost Blaster", 850)
upgrade(-10.063, 2.433, -41.045, 350)
upgrade(-10.063, 2.433, -41.045, 1500)
upgrade(-10.063, 2.433, -41.045, 3800)
upgrade(-10.063, 2.433, -41.045, 9500)
SetTarget(-10.063, 2.433, -41.045, "Random")
SetTarget(-10.063, 2.433, -41.045, "Farthest")
SetTarget(-10.063, 2.433, -41.045, "Closest")
SetTarget(-13.196, 2.477, -40.951, "Random")
SetTarget(-13.196, 2.477, -40.951, "Farthest")
SetTarget(-13.196, 2.477, -40.951, "Closest")
upgrade(-13.196, 2.477, -40.951, 3800)
upgrade(-13.196, 2.477, -40.951, 9500)
place(5.691, 0.594, -16.195, "Frost Blaster", 850)
upgrade(5.691, 1.944, -16.195, 350)
upgrade(5.691, 1.944, -16.195, 1500)
upgrade(5.691, 1.944, -16.195, 3800)
upgrade(5.691, 1.944, -16.195, 9500)
upgrade(-11.094, 2.390, -35.106, 6000)
upgrade(-11.094, 2.390, -35.106, 18500)
upgrade(-11.177, 2.369, -32.999, 6000)
upgrade(-11.177, 2.369, -32.999, 18500)
upgrade(-9.630, 2.338, -31.568, 6000)
upgrade(-9.630, 2.338, -31.568, 18500)
place(1.039, 1.157, -40.619, "Frost Blaster", 850)
upgrade(1.039, 2.507, -40.619, 350)
upgrade(1.039, 2.507, -40.619, 1500)
upgrade(1.039, 2.507, -40.619, 3800)
upgrade(1.039, 2.507, -40.619, 9500)
SetTarget(1.039, 2.507, -40.619, "Random")
SetTarget(1.039, 2.507, -40.619, "Farthest")
SetTarget(1.039, 2.507, -40.619, "Closest")
place(1.074, 1.222, -43.710, "Frost Blaster", 850)
upgrade(1.074, 2.572, -43.710, 350)
upgrade(1.074, 2.572, -43.710, 1500)
upgrade(1.074, 2.572, -43.710, 3800)
upgrade(1.074, 2.572, -43.710, 9500)
SetTarget(1.074, 2.572, -43.710, "Random")
SetTarget(1.074, 2.572, -43.710, "Farthest")
SetTarget(1.074, 2.572, -43.710, "Closest")
place(5.303, 1.286, -36.758, "Frost Blaster", 850)
upgrade(5.303, 2.636, -36.758, 350)
upgrade(5.303, 2.636, -36.758, 1500)
upgrade(5.303, 2.636, -36.758, 3800)
upgrade(5.303, 2.636, -36.758, 9500)
SetTarget(5.303, 2.636, -36.758, "Random")
SetTarget(5.303, 2.636, -36.758, "Farthest")
SetTarget(5.303, 2.636, -36.758, "Closest")
place(3.849, 1.270, -39.449, "Frost Blaster", 850)
upgrade(3.849, 2.620, -39.449, 350)
upgrade(3.849, 2.620, -39.449, 1500)
upgrade(3.849, 2.620, -39.449, 3800)
upgrade(3.849, 2.620, -39.449, 9500)
place(3.914, 1.336, -42.539, "Frost Blaster", 850)
upgrade(3.914, 2.686, -42.539, 350)
upgrade(3.914, 2.686, -42.539, 1500)
upgrade(3.914, 2.686, -42.539, 3800)
upgrade(3.914, 2.686, -42.539, 9500)
SetTarget(3.914, 2.686, -42.539, "Random")
SetTarget(3.914, 2.686, -42.539, "Farthest")
SetTarget(3.914, 2.686, -42.539, "Closest")
place(-5.105, 1.028, -45.476, "Frost Blaster", 850)
upgrade(-5.105, 2.378, -45.476, 350)
upgrade(-5.105, 2.378, -45.476, 1500)
upgrade(-5.105, 2.378, -45.476, 3800)
upgrade(-5.105, 2.378, -45.476, 9500)
place(-11.068, 0.989, -30.176, "Shotgunner", 1225)
upgrade(-11.068, 2.339, -30.176, 640)
upgrade(-11.068, 2.339, -30.176, 1550)
upgrade(-11.068, 2.339, -30.176, 6000)
upgrade(-11.068, 2.339, -30.176, 18500)
place(-8.351, 1.064, -43.247, "Shotgunner", 1225)
upgrade(-8.351, 2.414, -43.247, 640)
upgrade(-8.351, 2.414, -43.247, 1550)
upgrade(-8.351, 2.414, -43.247, 6000)
upgrade(-8.351, 2.414, -43.247, 18500)
