place(10.980, 0.972, 24.101, "Archer", 666)
upgrade(10.980, 2.408, 24.101, 114)
upgrade(10.980, 2.408, 24.101, 457)
upgrade(10.980, 2.408, 24.101, 1500)
place(14.040, 0.976, 24.033, "Archer", 626)
upgrade(14.040, 2.412, 24.033, 102)
upgrade(14.040, 2.412, 24.033, 757)
upgrade(14.040, 2.412, 24.033, 1514)
place(17.122, 0.980, 24.156, "Archer", 774)
upgrade(17.122, 2.417, 24.156, 260)
upgrade(17.122, 2.417, 24.156, 1251)
upgrade(17.122, 2.417, 24.156, 1011)
place(14.042, 0.978, 27.591, "Tesla", 3544)
upgrade(14.042, 2.326, 27.591, 1978)
place(-2.204, 0.959, 31.579, "Gatling Gun", 5250)
upgrade(-2.204, 1.858, 31.579, 3000)
upgrade(-2.204, 1.858, 31.579, 7500)
place(-9.128, 5.513, 32.396, "Mortar", 900)
upgrade(-9.128, 6.863, 32.396, 325)
upgrade(-9.128, 6.863, 32.396, 1400)
upgrade(-9.128, 6.863, 32.396, 3250)
place(-8.585, 5.370, 28.752, "Mortar", 900)
upgrade(-8.585, 6.720, 28.752, 325)
upgrade(-8.585, 6.720, 28.752, 1400)
upgrade(-8.585, 6.720, 28.752, 3250)
place(-11.413, 4.795, 26.767, "Mortar", 900)
upgrade(-11.413, 6.145, 26.767, 325)
upgrade(-11.413, 6.145, 26.767, 1400)
upgrade(-11.413, 6.145, 26.767, 3250)
place(10.455, 0.973, 27.143, "Archer", 9251)
upgrade(10.455, 2.410, 27.143, 8851)
upgrade(10.455, 2.410, 27.143, 8751)
upgrade(10.455, 2.410, 27.143, 9996)
place(18.121, 0.984, 27.707, "Tesla", 13154)
upgrade(18.121, 2.332, 27.707, 11853)
upgrade(14.042, 2.326, 27.591, 11897)
upgrade(-11.413, 6.145, 26.767, 12000)
place(10.897, 0.969, 20.459, "Turret", 5000)
upgrade(10.897, 3.748, 20.459, 1250)
upgrade(10.897, 3.748, 20.459, 7250)
SetTarget(10.897, 3.748, 20.459, "Last")
SetTarget(10.897, 3.748, 20.459, "Strongest")
place(6.890, 0.963, 20.616, "Turret", 5000)
upgrade(6.890, 3.742, 20.616, 1250)
upgrade(6.890, 3.742, 20.616, 7250)
SetTarget(6.890, 3.742, 20.616, "Last")
SetTarget(6.890, 3.742, 20.616, "Strongest")
upgrade(6.890, 3.742, 20.616, 15000)
upgrade(10.897, 3.748, 20.459, 15000)
upgrade(-2.204, 1.858, 31.579, 15000)
place(3.350, 0.961, 23.698, "Turret", 5000)
upgrade(3.350, 3.740, 23.698, 1250)
upgrade(3.350, 3.740, 23.698, 7250)
upgrade(3.350, 3.740, 23.698, 15000)
upgrade(18.121, 2.332, 27.707, 14741)
upgrade(-8.585, 6.720, 28.752, 12000)
upgrade(-9.128, 6.863, 32.396, 12000)
upgrade(-11.413, 6.145, 26.767, 25000)
upgrade(-8.585, 6.720, 28.752, 25000)
upgrade(-9.128, 6.863, 32.396, 25000)
upgrade(-2.204, 1.858, 31.579, 32500)
upgrade(14.042, 2.326, 27.591, 33019)
upgrade(14.042, 2.326, 27.591, 54097)
upgrade(18.121, 2.332, 27.707, 21232)
upgrade(18.121, 2.332, 27.707, 52877)
place(10.667, 0.976, 30.210, "Archer", 22232)
upgrade(10.667, 2.413, 30.210, 25824)
upgrade(10.667, 2.413, 30.210, 25727)
upgrade(10.667, 2.413, 30.210, 26584)
upgrade(10.667, 2.413, 30.210, 25587)
place(10.331, 0.984, 33.306, "Archer", 24795)
upgrade(10.331, 2.420, 33.306, 26234)
upgrade(10.331, 2.420, 33.306, 26134)
upgrade(10.331, 2.420, 33.306, 25737)
upgrade(10.331, 2.420, 33.306, 28734)
place(13.561, 0.981, 31.168, "Archer", 26850)
upgrade(13.561, 2.417, 31.168, 26584)
upgrade(13.561, 2.417, 31.168, 26484)
upgrade(13.561, 2.417, 31.168, 26549)
upgrade(13.561, 2.417, 31.168, 25694)
upgrade(-2.204, 1.858, 31.579, 50000)
upgrade(-2.204, 1.858, 31.579, 100000)
upgrade(10.897, 3.748, 20.459, 30000)
upgrade(6.890, 3.742, 20.616, 30000)
upgrade(3.350, 3.740, 23.698, 30000)
SetTarget(10.897, 3.748, 20.459, "Last")
SetTarget(10.897, 3.748, 20.459, "First")
SetTarget(6.890, 3.742, 20.616, "Last")
SetTarget(6.890, 3.742, 20.616, "First")
upgrade(3.350, 3.740, 23.698, 52500)
upgrade(6.890, 3.742, 20.616, 52500)
upgrade(10.897, 3.748, 20.459, 52500)
upgrade(10.331, 2.420, 33.306, 39645)
upgrade(10.667, 2.413, 30.210, 31070)
upgrade(10.455, 2.410, 27.143, 22495)
upgrade(10.980, 2.408, 24.101, 19745)
upgrade(13.561, 2.417, 31.168, 46995)
upgrade(14.040, 2.412, 24.033, 45920)
upgrade(14.040, 2.412, 24.033, 45670)
upgrade(17.122, 2.417, 24.156, 60486)
upgrade(17.122, 2.417, 24.156, 61845)
upgrade(17.122, 2.417, 24.156, 59144)
upgrade(10.980, 2.408, 24.101, 68270)
upgrade(10.455, 2.410, 27.143, 72285)
place(7.318, 0.974, 33.793, "Archer", 122119)
upgrade(7.318, 2.411, 33.793, 124343)
upgrade(7.318, 2.411, 33.793, 124413)
upgrade(7.318, 2.411, 33.793, 125019)
upgrade(7.318, 2.411, 33.793, 131257)
upgrade(7.318, 2.411, 33.793, 136043)
place(7.461, 0.972, 30.585, "Archer", 142720)
upgrade(7.461, 2.408, 30.585, 142120)
upgrade(7.461, 2.408, 30.585, 142020)
upgrade(7.461, 2.408, 30.585, 141624)
upgrade(7.461, 2.408, 30.585, 141551)
upgrade(7.461, 2.408, 30.585, 142695)
place(7.238, 0.969, 27.468, "Archer", 143395)
upgrade(7.238, 2.406, 27.468, 146963)
upgrade(7.238, 2.406, 27.468, 146863)
upgrade(7.238, 2.406, 27.468, 148952)
upgrade(7.238, 2.406, 27.468, 148465)
upgrade(7.238, 2.406, 27.468, 145721)
place(7.782, 0.967, 24.377, "Archer", 139138)
upgrade(7.782, 2.404, 24.377, 140538)
upgrade(7.782, 2.404, 24.377, 140889)
upgrade(7.782, 2.404, 24.377, 144314)
upgrade(7.782, 2.404, 24.377, 143453)
upgrade(7.782, 2.404, 24.377, 140736)
place(4.158, 0.965, 27.163, "Archer", 144298)
upgrade(4.158, 2.401, 27.163, 169203)
upgrade(4.158, 2.401, 27.163, 171419)
upgrade(4.158, 2.401, 27.163, 174007)
upgrade(4.158, 2.401, 27.163, 173305)
upgrade(4.158, 2.401, 27.163, 172073)
place(4.200, 0.967, 30.176, "Archer", 165775)
upgrade(4.200, 2.404, 30.176, 166585)
upgrade(4.200, 2.404, 30.176, 166977)
upgrade(4.200, 2.404, 30.176, 172581)
upgrade(4.200, 2.404, 30.176, 176305)
upgrade(4.200, 2.404, 30.176, 175563)
upgrade(4.200, 2.404, 30.176, 172503)
place(4.135, 0.969, 33.248, "Archer", 180893)
upgrade(4.135, 2.406, 33.248, 185353)
upgrade(4.135, 2.406, 33.248, 185253)
upgrade(4.135, 2.406, 33.248, 189836)
upgrade(4.135, 2.406, 33.248, 193827)
upgrade(4.135, 2.406, 33.248, 195996)
upgrade(4.135, 2.406, 33.248, 195996)
place(17.647, 0.987, 33.845, "Archer", 229028)
upgrade(17.647, 2.424, 33.845, 228428)
upgrade(17.647, 2.424, 33.845, 228329)
upgrade(17.647, 2.424, 33.845, 227930)
upgrade(17.647, 2.424, 33.845, 226931)
upgrade(17.647, 2.424, 33.845, 224186)
place(21.665, 0.982, 18.603, "Archer", 255578)
