place(11.001, 0.972, 24.119, "Electroshocker", 725)
upgrade(11.001, 2.322, 24.119, 300)
place(10.901, 0.974, 27.154, "Electroshocker", 725)
upgrade(10.901, 2.324, 27.154, 300)
place(14.057, 0.976, 24.045, "Electroshocker", 725)
upgrade(14.057, 2.326, 24.045, 300)
place(14.442, 0.979, 27.581, "Tesla", 2691)
upgrade(14.442, 2.327, 27.581, 1888)
place(-2.175, 0.959, 30.993, "Gatling Gun", 5250)
upgrade(-2.175, 1.858, 30.993, 3000)
upgrade(-2.175, 1.858, 30.993, 7500)
place(11.116, 4.100, 8.682, "Mortar", 900)
upgrade(11.116, 5.450, 8.682, 325)
upgrade(11.116, 5.450, 8.682, 1400)
upgrade(11.116, 5.450, 8.682, 3250)
place(7.613, 4.389, 7.124, "Mortar", 900)
upgrade(7.613, 5.739, 7.124, 325)
upgrade(7.613, 5.739, 7.124, 1400)
upgrade(7.613, 5.739, 7.124, 3250)
place(4.124, 4.763, 6.119, "Mortar", 900)
upgrade(4.124, 6.113, 6.119, 325)
upgrade(4.124, 6.113, 6.119, 1400)
upgrade(4.124, 6.113, 6.119, 3250)
upgrade(14.057, 2.326, 24.045, 600)
upgrade(11.001, 2.322, 24.119, 600)
upgrade(10.901, 2.324, 27.154, 600)
upgrade(14.442, 2.327, 27.581, 8724)
upgrade(4.124, 6.113, 6.119, 12000)
upgrade(7.613, 5.739, 7.124, 12000)
upgrade(11.116, 5.450, 8.682, 12000)
upgrade(14.442, 2.327, 27.581, 23768)
upgrade(10.901, 2.324, 27.154, 2000)
upgrade(11.001, 2.322, 24.119, 2000)
upgrade(14.057, 2.326, 24.045, 2000)
upgrade(10.901, 2.324, 27.154, 5000)
upgrade(11.001, 2.322, 24.119, 5000)
upgrade(14.057, 2.326, 24.045, 5000)
upgrade(-2.175, 1.858, 30.993, 15000)
upgrade(-2.175, 1.858, 30.993, 32500)
place(7.717, 0.968, 25.361, "Tesla", 50577)
upgrade(7.717, 2.316, 25.361, 53077)
upgrade(14.442, 2.327, 27.581, 59660)
upgrade(7.717, 2.316, 25.361, 10559)
upgrade(7.717, 2.316, 25.361, 18809)
upgrade(-2.175, 1.858, 30.993, 50000)
upgrade(4.124, 6.113, 6.119, 25000)
upgrade(7.613, 5.739, 7.124, 25000)
upgrade(11.116, 5.450, 8.682, 25000)
place(10.813, 0.976, 30.214, "Electroshocker", 725)
upgrade(10.813, 2.326, 30.214, 300)
upgrade(10.813, 2.326, 30.214, 600)
upgrade(10.813, 2.326, 30.214, 2000)
upgrade(10.813, 2.326, 30.214, 5000)
place(13.750, 0.981, 31.203, "Electroshocker", 725)
upgrade(13.750, 2.331, 31.203, 300)
upgrade(13.750, 2.331, 31.203, 600)
upgrade(13.750, 2.331, 31.203, 2000)
upgrade(13.750, 2.331, 31.203, 5000)
upgrade(-2.175, 1.858, 30.993, 100000)
place(10.354, 0.967, 19.856, "Turret", 5000)
upgrade(10.354, 3.747, 19.856, 1250)
upgrade(10.354, 3.747, 19.856, 7250)
upgrade(10.354, 3.747, 19.856, 15000)
upgrade(10.354, 3.747, 19.856, 30000)
place(6.276, 0.961, 19.080, "Turret", 5000)
upgrade(6.276, 3.740, 19.080, 1250)
upgrade(6.276, 3.740, 19.080, 7250)
upgrade(6.276, 3.740, 19.080, 15000)
upgrade(6.276, 3.740, 19.080, 30000)
place(4.417, 0.962, 22.835, "Turret", 5000)
upgrade(4.417, 3.741, 22.835, 1250)
upgrade(4.417, 3.741, 22.835, 7250)
upgrade(4.417, 3.741, 22.835, 15000)
upgrade(4.417, 3.741, 22.835, 30000)
upgrade(7.717, 2.316, 25.361, 74790)
upgrade(14.057, 2.326, 24.045, 15000)
upgrade(10.901, 2.324, 27.154, 15000)
upgrade(10.813, 2.326, 30.214, 15000)
upgrade(13.750, 2.331, 31.203, 15000)
place(16.902, 0.985, 30.969, "Electroshocker", 725)
upgrade(16.902, 2.335, 30.969, 300)
upgrade(16.902, 2.335, 30.969, 600)
upgrade(16.902, 2.335, 30.969, 2000)
upgrade(16.902, 2.335, 30.969, 5000)
upgrade(16.902, 2.335, 30.969, 15000)
place(17.989, 0.984, 28.101, "Electroshocker", 725)
upgrade(17.989, 2.334, 28.101, 300)
upgrade(17.989, 2.334, 28.101, 600)
upgrade(17.989, 2.334, 28.101, 2000)
upgrade(17.989, 2.334, 28.101, 5000)
upgrade(17.989, 2.334, 28.101, 15000)
place(16.929, 0.980, 25.064, "Electroshocker", 725)
upgrade(16.929, 2.330, 25.064, 300)
upgrade(16.929, 2.330, 25.064, 600)
upgrade(16.929, 2.330, 25.064, 2000)
upgrade(16.929, 2.330, 25.064, 5000)
upgrade(16.929, 2.330, 25.064, 15000)
place(11.167, 0.985, 33.267, "Electroshocker", 725)
upgrade(11.167, 2.335, 33.267, 300)
upgrade(11.167, 2.335, 33.267, 600)
upgrade(11.167, 2.335, 33.267, 2000)
upgrade(11.167, 2.335, 33.267, 5000)
upgrade(11.167, 2.335, 33.267, 15000)
place(7.881, 0.971, 28.987, "Electroshocker", 725)
upgrade(7.881, 2.321, 28.987, 300)
upgrade(7.881, 2.321, 28.987, 600)
upgrade(7.881, 2.321, 28.987, 2000)
upgrade(7.881, 2.321, 28.987, 5000)
upgrade(7.881, 2.321, 28.987, 15000)
place(8.075, 0.974, 32.049, "Electroshocker", 725)
upgrade(4.417, 3.741, 22.835, 52500)
upgrade(6.276, 3.740, 19.080, 52500)
upgrade(10.354, 3.747, 19.856, 52500)
