place(-18.176, 1.000, -1.807, "Brawler", 300)
place(-18.201, 1.000, -3.828, "Brawler", 300)
place(-18.272, 1.000, -5.871, "Brawler", 300)
place(-9.503, 1.000, -9.080, "Hacker", 900)
upgrade(-9.503, 2.403, -9.080, 125)
upgrade(-9.503, 2.403, -9.080, 1337)
upgrade(-18.176, 2.350, -1.807, 200)
upgrade(-18.201, 2.350, -3.828, 200)
upgrade(-18.272, 2.350, -5.871, 200)
place(-12.268, 1.000, -3.365, "DJ Booth", 850)
upgrade(-12.268, 2.365, -3.365, 300)
upgrade(-12.268, 2.365, -3.365, 1250)
upgrade(-12.268, 2.365, -3.365, 3000)
SetDjTrack(-12.268, 2.365, -3.365, "Green", 909)
place(-18.267, 1.000, -7.886, "Brawler", 300)
upgrade(-18.267, 2.350, -7.886, 200)
upgrade(-18.267, 2.350, -7.886, 1200)
upgrade(-18.176, 2.350, -1.807, 1200)
upgrade(-18.201, 2.350, -3.828, 1200)
upgrade(-18.272, 2.350, -5.871, 1200)
place(-18.415, 1.000, -9.975, "Brawler", 300)
upgrade(-18.415, 2.350, -9.975, 200)
place(-18.392, 1.000, -12.074, "Brawler", 300)
upgrade(-18.392, 2.350, -12.074, 200)
place(-20.477, 1.000, -12.127, "Brawler", 300)
upgrade(-20.477, 2.350, -12.127, 200)
place(-20.515, 1.000, -14.183, "Brawler", 300)
upgrade(-20.515, 2.350, -14.183, 200)
place(-18.466, 1.000, -14.191, "Brawler", 300)
upgrade(-18.466, 2.350, -14.191, 200)
upgrade(-12.268, 2.365, -3.365, 8000)
upgrade(-12.268, 2.365, -3.365, 20000)
place(-8.779, 1.000, 3.543, "Commander", 650)
upgrade(-8.779, 2.700, 3.543, 400)
upgrade(-8.779, 2.700, 3.543, 2450)
upgrade(-8.779, 2.700, 3.543, 4500)
place(-9.060, 1.000, 0.417, "Commander", 650)
upgrade(-9.060, 2.700, 0.417, 400)
upgrade(-9.060, 2.700, 0.417, 2450)
upgrade(-9.060, 2.700, 0.417, 4500)
place(-8.812, 1.000, 6.654, "Commander", 650)
upgrade(-8.812, 2.700, 6.654, 400)
upgrade(-8.812, 2.700, 6.654, 2450)
upgrade(-8.812, 2.700, 6.654, 4500)
upgrade(-9.503, 2.403, -9.080, 6500)
upgrade(-9.503, 2.403, -9.080, 24000)
upgrade(-9.503, 2.403, -9.080, 53200)
place(-2.599, 1.000, -3.440, "Turret", 7750)
upgrade(-2.599, 1.950, -3.440, 3750)
upgrade(-2.599, 1.950, -3.440, 7500)
upgrade(-2.599, 1.950, -3.440, 20000)
upgrade(-2.599, 1.950, -3.440, 35000)
upgrade(-2.599, 1.950, -3.440, 65000)
place(-2.629, 1.000, 3.426, "Turret", 7750)
upgrade(-2.629, 1.950, 3.426, 3750)
upgrade(-2.629, 1.950, 3.426, 7500)
upgrade(-2.629, 1.950, 3.426, 20000)
upgrade(-2.629, 1.950, 3.426, 35000)
upgrade(-2.629, 1.950, 3.426, 65000)
place(1.547, 1.000, 3.447, "Turret", 7750)
upgrade(1.547, 1.950, 3.447, 3750)
upgrade(1.547, 1.950, 3.447, 7500)
upgrade(1.547, 1.950, 3.447, 20000)
upgrade(1.547, 1.950, 3.447, 35000)
upgrade(1.547, 1.950, 3.447, 65000)
SetDjTrack(-12.268, 2.365, -3.365, "Red", 14438)
place(-12.594, 1.000, -8.947, "Hacker", 900)
upgrade(-12.594, 2.403, -8.947, 125)
upgrade(-12.594, 2.403, -8.947, 1337)
upgrade(-12.594, 2.403, -8.947, 6500)
upgrade(-12.594, 2.403, -8.947, 24000)
upgrade(-12.594, 2.403, -8.947, 60001)
upgrade(-18.176, 2.350, -1.807, 2500)
upgrade(-18.176, 2.350, -1.807, 3500)
upgrade(-18.176, 2.350, -1.807, 7777)
upgrade(-18.201, 2.350, -3.828, 2500)
upgrade(-18.201, 2.350, -3.828, 3500)
upgrade(-18.201, 2.350, -3.828, 7777)
upgrade(-18.272, 2.350, -5.871, 2500)
upgrade(-18.272, 2.350, -5.871, 3500)
upgrade(-18.272, 2.350, -5.871, 7777)
upgrade(-18.267, 2.350, -7.886, 2500)
upgrade(-18.267, 2.350, -7.886, 3500)
upgrade(-18.267, 2.350, -7.886, 7777)
upgrade(-18.415, 2.350, -9.975, 1200)
upgrade(-18.415, 2.350, -9.975, 2500)
upgrade(-18.415, 2.350, -9.975, 3500)
upgrade(-18.415, 2.350, -9.975, 7777)
upgrade(-18.392, 2.350, -12.074, 1200)
upgrade(-18.392, 2.350, -12.074, 2500)
upgrade(-18.392, 2.350, -12.074, 3500)
upgrade(-18.392, 2.350, -12.074, 7777)
upgrade(-20.477, 2.350, -12.127, 1200)
upgrade(-20.477, 2.350, -12.127, 2500)
upgrade(-20.477, 2.350, -12.127, 3500)
upgrade(-20.477, 2.350, -12.127, 7777)
upgrade(-20.515, 2.350, -14.183, 1200)
upgrade(-20.515, 2.350, -14.183, 2500)
upgrade(-20.515, 2.350, -14.183, 3500)
upgrade(-20.515, 2.350, -14.183, 7777)
upgrade(-18.466, 2.350, -14.191, 1200)
upgrade(-18.466, 2.350, -14.191, 2500)
upgrade(-18.466, 2.350, -14.191, 3500)
upgrade(-18.466, 2.350, -14.191, 7777)
DropTheBeat(-12.268, 2.365, -3.365, 39363)
CommanderAbility(-8.812, 2.700, 6.654, 12148)
CommanderAbility(-8.779, 2.700, 3.543, 14648)
CommanderAbility(-9.060, 2.700, 0.417, 48201)
DropTheBeat(-12.268, 2.365, -3.365, 56016)
CommanderAbility(-8.812, 2.700, 6.654, 8345)
CommanderAbility(-8.779, 2.700, 3.543, 6706)
CommanderAbility(-9.060, 2.700, 0.417, 15684)
DropTheBeat(-12.268, 2.365, -3.365, 29549)
CommanderAbility(-8.812, 2.700, 6.654, 8375)
CommanderAbility(-8.779, 2.700, 3.543, 62575)
CommanderAbility(-9.060, 2.700, 0.417, 11168)
DropTheBeat(-12.268, 2.365, -3.365, 38356)
CommanderAbility(-8.812, 2.700, 6.654, 26907)
CommanderAbility(-8.779, 2.700, 3.543, 68466)
