place(-22.336, 1.000, 3.276, "EvolvedOperator", 300)
place(-19.737, 1.000, 3.243, "EvolvedOperator", 300)
place(-17.174, 1.000, 3.327, "EvolvedOperator", 300)
place(-14.580, 1.000, 3.259, "EvolvedOperator", 300)
place(-22.307, 1.000, 5.843, "EvolvedOperator", 300)
place(-19.753, 1.000, 5.791, "EvolvedOperator", 300)
place(-17.134, 1.000, 5.838, "EvolvedOperator", 300)
place(-14.630, 1.000, 5.841, "EvolvedOperator", 300)
place(-22.387, 1.000, 8.354, "EvolvedOperator", 300)
place(-19.842, 1.000, 8.397, "EvolvedOperator", 300)
place(-17.247, 1.000, 8.364, "EvolvedOperator", 300)
place(-14.722, 1.000, 8.438, "EvolvedOperator", 300)
place(-11.816, 1.000, 3.471, "Frost Blaster", 850)
upgrade(-11.816, 2.350, 3.471, 350)
upgrade(-11.816, 2.350, 3.471, 1500)
upgrade(-14.580, 2.350, 3.259, 325)
upgrade(-14.580, 2.350, 3.259, 700)
upgrade(-17.174, 2.350, 3.327, 325)
upgrade(-17.174, 2.350, 3.327, 700)
upgrade(-19.737, 2.350, 3.243, 325)
upgrade(-19.737, 2.350, 3.243, 700)
upgrade(-22.336, 2.350, 3.276, 325)
upgrade(-14.630, 2.350, 5.841, 325)
upgrade(-14.630, 2.350, 5.841, 700)
upgrade(-17.134, 2.350, 5.838, 325)
upgrade(-17.134, 2.350, 5.838, 700)
upgrade(-19.753, 2.350, 5.791, 325)
upgrade(-14.722, 2.350, 8.438, 325)
upgrade(-14.722, 2.350, 8.438, 700)
upgrade(-17.247, 2.350, 8.364, 325)
upgrade(-17.247, 2.350, 8.364, 700)
upgrade(-19.842, 2.350, 8.397, 325)
upgrade(-19.842, 2.350, 8.397, 700)
upgrade(-22.387, 2.350, 8.354, 325)
upgrade(-22.387, 2.350, 8.354, 700)
upgrade(-19.753, 2.350, 5.791, 700)
upgrade(-22.307, 2.350, 5.843, 325)
upgrade(-22.307, 2.350, 5.843, 700)
upgrade(-22.336, 2.350, 3.276, 700)
place(-11.905, 1.000, 6.548, "Firework Technician", 1500)
upgrade(-11.905, 2.350, 6.548, 2000)
upgrade(-11.816, 2.350, 3.471, 3800)
upgrade(-14.580, 2.350, 3.259, 1250)
upgrade(-14.580, 2.350, 3.259, 1950)
upgrade(-17.174, 2.350, 3.327, 1250)
upgrade(-17.174, 2.350, 3.327, 1950)
upgrade(-19.737, 2.350, 3.243, 1250)
upgrade(-19.737, 2.350, 3.243, 1950)
upgrade(-22.336, 2.350, 3.276, 1250)
upgrade(-22.336, 2.350, 3.276, 1950)
upgrade(-11.816, 2.350, 3.471, 9500)
upgrade(-14.630, 2.350, 5.841, 1250)
upgrade(-14.630, 2.350, 5.841, 1950)
upgrade(-11.905, 2.350, 6.548, 6500)
upgrade(-17.134, 2.350, 5.838, 1250)
upgrade(-17.134, 2.350, 5.838, 1950)
upgrade(-19.753, 2.350, 5.791, 1250)
upgrade(-19.753, 2.350, 5.791, 1950)
upgrade(-22.307, 2.350, 5.843, 1250)
upgrade(-22.307, 2.350, 5.843, 1950)
upgrade(-22.387, 2.350, 8.354, 1250)
upgrade(-22.387, 2.350, 8.354, 1950)
upgrade(-19.842, 2.350, 8.397, 1250)
upgrade(-19.842, 2.350, 8.397, 1950)
upgrade(-17.247, 2.350, 8.364, 1250)
upgrade(-17.247, 2.350, 8.364, 1950)
upgrade(-14.722, 2.350, 8.438, 1250)
upgrade(-14.722, 2.350, 8.438, 1950)
upgrade(-11.905, 2.350, 6.548, 12000)
place(-7.130, 1.000, -3.191, "EvolvedJuggernaut", 8500)
upgrade(-7.130, 2.692, -3.191, 3000)
upgrade(-7.130, 2.692, -3.191, 7000)
upgrade(-7.130, 2.692, -3.191, 17200)
upgrade(-7.130, 2.692, -3.191, 40000)
place(-6.740, 1.000, -8.838, "EvolvedOperator", 300)
upgrade(-6.740, 2.350, -8.838, 325)
upgrade(-6.740, 2.350, -8.838, 700)
upgrade(-6.740, 2.350, -8.838, 1250)
upgrade(-6.740, 2.350, -8.838, 1950)
place(-4.162, 1.000, -8.989, "EvolvedOperator", 300)
upgrade(-4.162, 2.350, -8.989, 325)
upgrade(-4.162, 2.350, -8.989, 700)
upgrade(-4.162, 2.350, -8.989, 1250)
upgrade(-4.162, 2.350, -8.989, 1950)
place(-4.958, 1.000, -11.412, "EvolvedOperator", 300)
upgrade(-4.958, 2.350, -11.412, 325)
upgrade(-4.958, 2.350, -11.412, 700)
place(-2.452, 1.000, -10.958, "EvolvedOperator", 300)
upgrade(-2.452, 2.350, -10.958, 325)
upgrade(-2.452, 2.350, -10.958, 700)
upgrade(-2.452, 2.350, -10.958, 1250)
upgrade(-2.452, 2.350, -10.958, 1950)
upgrade(-4.958, 2.350, -11.412, 1250)
upgrade(-4.958, 2.350, -11.412, 1950)
upgrade(-7.130, 2.692, -3.191, 95000)
place(5.456, 1.000, -4.619, "Frost Blaster", 850)
upgrade(5.456, 2.350, -4.619, 350)
upgrade(5.456, 2.350, -4.619, 1500)
upgrade(5.456, 2.350, -4.619, 3800)
upgrade(-14.580, 2.350, 3.259, 3500)
upgrade(-17.174, 2.350, 3.327, 3500)
upgrade(-19.737, 2.350, 3.243, 3500)
upgrade(-22.336, 2.350, 3.276, 3500)
upgrade(-22.307, 2.350, 5.843, 3500)
upgrade(-19.753, 2.350, 5.791, 3500)
upgrade(-17.134, 2.350, 5.838, 3500)
upgrade(-14.630, 2.350, 5.841, 3500)
upgrade(-14.722, 2.350, 8.438, 3500)
upgrade(-17.247, 2.350, 8.364, 3500)
upgrade(-19.842, 2.350, 8.397, 3500)
upgrade(-22.387, 2.350, 8.354, 3500)
upgrade(-6.740, 2.350, -8.838, 3500)
upgrade(-4.162, 2.350, -8.989, 3500)
upgrade(-2.452, 2.350, -10.958, 3500)
upgrade(-4.958, 2.350, -11.412, 3500)
upgrade(-11.905, 2.350, 6.548, 22000)
upgrade(-7.130, 2.692, -3.191, 120000)
upgrade(-7.130, 2.692, -3.191, 250000)
upgrade(-14.580, 2.350, 3.259, 7000)
upgrade(-17.174, 2.350, 3.327, 7000)
upgrade(-19.737, 2.350, 3.243, 7000)
upgrade(-22.336, 2.350, 3.276, 7000)
upgrade(-22.307, 2.350, 5.843, 7000)
upgrade(-19.753, 2.350, 5.791, 7000)
upgrade(-17.134, 2.350, 5.838, 7000)
upgrade(-14.630, 2.350, 5.841, 7000)
upgrade(-14.722, 2.350, 8.438, 7000)
upgrade(-17.247, 2.350, 8.364, 7000)
upgrade(-19.842, 2.350, 8.397, 7000)
upgrade(-22.387, 2.350, 8.354, 7000)
upgrade(-6.740, 2.350, -8.838, 7000)
upgrade(-4.162, 2.350, -8.989, 7000)
upgrade(-4.958, 2.350, -11.412, 7000)
upgrade(-2.452, 2.350, -10.958, 7000)
upgrade(5.456, 2.350, -4.619, 9500)
place(-16.436, 1.000, -9.281, "Shotgunner", 1500)
upgrade(-16.436, 2.350, -9.281, 750)
upgrade(-16.436, 2.350, -9.281, 1500)
upgrade(-16.436, 2.350, -9.281, 6500)
place(-16.412, 1.000, -11.304, "Shotgunner", 1500)
upgrade(-16.412, 2.350, -11.304, 750)
upgrade(-16.412, 2.350, -11.304, 1500)
upgrade(-16.412, 2.350, -11.304, 6500)
place(-16.576, 1.000, -13.398, "Shotgunner", 1500)
upgrade(-16.576, 2.350, -13.398, 750)
upgrade(-16.576, 2.350, -13.398, 1500)
upgrade(-16.576, 2.350, -13.398, 6500)
place(-16.613, 1.000, -15.406, "Shotgunner", 1500)
upgrade(-16.613, 2.350, -15.406, 750)
upgrade(-16.613, 2.350, -15.406, 1500)
upgrade(-16.613, 2.350, -15.406, 6500)
place(-14.428, 1.000, -10.747, "Shotgunner", 1500)
upgrade(-14.428, 2.350, -10.747, 750)
upgrade(-14.428, 2.350, -10.747, 1500)
upgrade(-14.428, 2.350, -10.747, 6500)
place(-14.605, 1.000, -12.769, "Shotgunner", 1500)
upgrade(-14.605, 2.350, -12.769, 750)
upgrade(-14.605, 2.350, -12.769, 1500)
upgrade(-14.605, 2.350, -12.769, 6500)
place(-14.589, 1.000, -14.972, "Shotgunner", 1500)
upgrade(-14.589, 2.350, -14.972, 750)
upgrade(-14.589, 2.350, -14.972, 1500)
upgrade(-14.589, 2.350, -14.972, 6500)
place(-12.492, 1.000, -11.525, "Shotgunner", 1500)
upgrade(-12.492, 2.350, -11.525, 750)
upgrade(-12.492, 2.350, -11.525, 1500)
upgrade(-12.492, 2.350, -11.525, 6500)
place(-12.655, 1.000, -13.526, "Shotgunner", 1500)
upgrade(-12.655, 2.350, -13.526, 750)
upgrade(-12.655, 2.350, -13.526, 1500)
upgrade(-12.655, 2.350, -13.526, 6500)
upgrade(-12.492, 2.350, -11.525, 18777)
upgrade(-12.655, 2.350, -13.526, 18777)
upgrade(-14.428, 2.350, -10.747, 18777)
upgrade(-14.605, 2.350, -12.769, 18777)
upgrade(-14.589, 2.350, -14.972, 18777)
upgrade(-16.436, 2.350, -9.281, 18777)
upgrade(-16.412, 2.350, -11.304, 18777)
upgrade(-16.576, 2.350, -13.398, 18777)
upgrade(-16.613, 2.350, -15.406, 18777)
place(0.932, 1.000, -3.218, "Frost Blaster", 850)
upgrade(0.932, 2.350, -3.218, 350)
upgrade(0.932, 2.350, -3.218, 1500)
upgrade(0.932, 2.350, -3.218, 3800)
upgrade(0.932, 2.350, -3.218, 9500)
SetTarget(0.932, 2.350, -3.218, "Random")
place(-0.392, 1.000, -9.110, "Frost Blaster", 850)
upgrade(-0.392, 2.350, -9.110, 350)
upgrade(-0.392, 2.350, -9.110, 1500)
upgrade(-0.392, 2.350, -9.110, 3800)
upgrade(-0.392, 2.350, -9.110, 9500)
SetTarget(-0.392, 2.350, -9.110, "Random")
place(5.647, 1.000, -7.669, "Frost Blaster", 850)
upgrade(5.647, 2.350, -7.669, 350)
upgrade(5.647, 2.350, -7.669, 1500)
upgrade(5.647, 2.350, -7.669, 3800)
upgrade(5.647, 2.350, -7.669, 9500)
SetTarget(5.647, 2.350, -7.669, "Random")
place(5.127, 1.000, 3.390, "Frost Blaster", 850)
upgrade(5.127, 2.350, 3.390, 350)
upgrade(5.127, 2.350, 3.390, 1500)
upgrade(5.127, 2.350, 3.390, 3800)
upgrade(5.127, 2.350, 3.390, 9500)
place(-3.346, 1.000, -13.774, "Frost Blaster", 850)
upgrade(-3.346, 2.350, -13.774, 350)
upgrade(-3.346, 2.350, -13.774, 1500)
upgrade(-3.346, 2.350, -13.774, 3800)
upgrade(-3.346, 2.350, -13.774, 9500)
place(0.221, 1.000, -12.235, "Frost Blaster", 850)
upgrade(0.221, 2.350, -12.235, 350)
upgrade(0.221, 2.350, -12.235, 1500)
upgrade(0.221, 2.350, -12.235, 3800)
upgrade(0.221, 2.350, -12.235, 9500)
place(-0.569, 1.000, -15.362, "Frost Blaster", 850)
upgrade(-0.569, 2.350, -15.362, 350)
upgrade(-0.569, 2.350, -15.362, 1500)
upgrade(-0.569, 2.350, -15.362, 3800)
upgrade(-0.569, 2.350, -15.362, 9500)
place(6.109, 1.000, -10.760, "Frost Blaster", 850)
upgrade(6.109, 2.350, -10.760, 350)
upgrade(6.109, 2.350, -10.760, 1500)
upgrade(6.109, 2.350, -10.760, 3800)
upgrade(6.109, 2.350, -10.760, 9500)
