place(-18.247, 1.000, -2.108, "Brawler", 300)
place(-18.241, 1.000, -4.179, "Brawler", 300)
place(-18.170, 1.000, -6.275, "Brawler", 300)
upgrade(-18.241, 2.423, -4.179, 200)
upgrade(-18.241, 2.423, -4.179, 1200)
upgrade(-18.241, 2.423, -4.179, 2500)
place(-12.217, 1.000, -3.396, "DJ Booth", 850)
upgrade(-18.170, 2.423, -6.275, 200)
place(-18.166, 1.000, -8.394, "Brawler", 300)
upgrade(-18.166, 2.423, -8.394, 200)
upgrade(-18.166, 2.423, -8.394, 1200)
upgrade(-18.170, 2.423, -6.275, 1200)
upgrade(-18.247, 2.423, -2.108, 200)
upgrade(-18.247, 2.423, -2.108, 1200)
upgrade(-18.170, 2.423, -6.275, 2500)
upgrade(-18.166, 2.423, -8.394, 2500)
upgrade(-18.247, 2.423, -2.108, 2500)
place(-9.626, 1.000, -8.915, "Hacker", 900)
upgrade(-9.626, 2.351, -8.915, 125)
upgrade(-9.626, 2.351, -8.915, 1337)
upgrade(-12.217, 2.365, -3.396, 300)
upgrade(-12.217, 2.365, -3.396, 1250)
SetDjTrack(-12.217, 2.365, -3.396, "Green", 0)
upgrade(-12.217, 2.365, -3.396, 3000)
DropTheBeat(-12.217, 2.365, -3.396, 0)
place(-18.209, 1.000, -10.415, "Brawler", 300)
upgrade(-18.209, 2.423, -10.415, 200)
upgrade(-18.209, 2.423, -10.415, 1200)
upgrade(-18.209, 2.423, -10.415, 2500)
place(-20.540, 1.000, -12.017, "Brawler", 300)
upgrade(-20.540, 2.423, -12.017, 200)
upgrade(-20.540, 2.423, -12.017, 1200)
upgrade(-20.540, 2.423, -12.017, 2500)
DropTheBeat(-12.217, 2.365, -3.396, 0)
place(-18.459, 1.000, -12.404, "Brawler", 300)
upgrade(-18.459, 2.423, -12.404, 200)
upgrade(-18.459, 2.423, -12.404, 1200)
upgrade(-18.459, 2.423, -12.404, 2500)
place(-16.413, 1.000, -9.410, "Brawler", 300)
upgrade(-16.413, 2.423, -9.410, 200)
upgrade(-16.413, 2.423, -9.410, 1200)
place(-16.468, 1.000, -11.491, "Brawler", 300)
upgrade(-16.468, 2.423, -11.491, 200)
upgrade(-16.468, 2.423, -11.491, 1200)
upgrade(-16.413, 2.423, -9.410, 2500)
upgrade(-16.468, 2.423, -11.491, 2500)
place(-24.001, 1.000, -6.794, "Brawler", 300)
upgrade(-24.001, 2.423, -6.794, 200)
upgrade(-24.001, 2.423, -6.794, 1200)
upgrade(-24.001, 2.423, -6.794, 2500)
DropTheBeat(-12.217, 2.365, -3.396, 0)
DropTheBeat(-12.217, 2.365, -3.396, 0)
place(-14.436, 1.000, -8.999, "Shotgunner", 1225)
upgrade(-14.436, 2.350, -8.999, 640)
upgrade(-14.436, 2.350, -8.999, 1550)
place(-14.492, 1.000, -11.017, "Shotgunner", 1225)
upgrade(-14.492, 2.350, -11.017, 640)
upgrade(-14.492, 2.350, -11.017, 1550)
place(-12.307, 1.000, -8.825, "Shotgunner", 1225)
upgrade(-12.307, 2.350, -8.825, 640)
upgrade(-12.307, 2.350, -8.825, 1550)
place(-20.528, 1.000, -14.087, "Shotgunner", 1225)
upgrade(-20.528, 2.350, -14.087, 640)
upgrade(-20.528, 2.350, -14.087, 1550)
place(-18.460, 1.000, -14.418, "Shotgunner", 1225)
upgrade(-18.460, 2.350, -14.418, 640)
upgrade(-18.460, 2.350, -14.418, 1550)
place(-16.496, 1.000, -13.561, "Shotgunner", 1225)
upgrade(-16.496, 2.350, -13.561, 640)
upgrade(-16.496, 2.350, -13.561, 1550)
DropTheBeat(-12.217, 2.365, -3.396, 0)
place(-14.384, 1.000, -13.040, "Shotgunner", 1225)
upgrade(-14.384, 2.350, -13.040, 640)
upgrade(-14.384, 2.350, -13.040, 1550)
place(-19.930, 1.000, -16.200, "Shotgunner", 1225)
upgrade(-19.930, 2.350, -16.200, 640)
upgrade(-19.930, 2.350, -16.200, 1550)
place(-17.824, 1.000, -16.394, "Shotgunner", 1225)
upgrade(-17.824, 2.350, -16.394, 640)
upgrade(-17.824, 2.350, -16.394, 1550)
upgrade(-12.217, 2.365, -3.396, 8000)
DropTheBeat(-12.217, 2.365, -3.396, 0)
upgrade(-18.209, 2.423, -10.415, 3500)
upgrade(-18.209, 2.423, -10.415, 7777)
DropTheBeat(-12.217, 2.365, -3.396, 0)
upgrade(-12.217, 2.365, -3.396, 20000)
upgrade(-14.436, 2.350, -8.999, 6000)
upgrade(-14.492, 2.350, -11.017, 6000)
upgrade(-14.384, 2.350, -13.040, 6000)
upgrade(-18.170, 2.423, -6.275, 3500)
DropTheBeat(-12.217, 2.365, -3.396, 0)
upgrade(-18.170, 2.423, -6.275, 7777)
upgrade(-18.166, 2.423, -8.394, 3500)
upgrade(-16.413, 2.423, -9.410, 3500)
upgrade(-16.413, 2.423, -9.410, 7777)
upgrade(-18.166, 2.423, -8.394, 7777)
upgrade(-18.241, 2.423, -4.179, 3500)
upgrade(-18.241, 2.423, -4.179, 7777)
DropTheBeat(-12.217, 2.365, -3.396, 0)
upgrade(-18.247, 2.423, -2.108, 3500)
upgrade(-18.247, 2.423, -2.108, 7777)
upgrade(-20.540, 2.423, -12.017, 3500)
upgrade(-20.540, 2.423, -12.017, 7777)
upgrade(-16.468, 2.423, -11.491, 3500)
upgrade(-16.468, 2.423, -11.491, 7777)
upgrade(-18.459, 2.423, -12.404, 3500)
DropTheBeat(-12.217, 2.365, -3.396, 0)
upgrade(-24.001, 2.423, -6.794, 3500)
upgrade(-24.001, 2.423, -6.794, 7777)
upgrade(-18.459, 2.423, -12.404, 7777)
upgrade(-14.436, 2.350, -8.999, 18500)
upgrade(-14.492, 2.350, -11.017, 18500)
upgrade(-14.384, 2.350, -13.040, 18500)
DropTheBeat(-12.217, 2.365, -3.396, 0)
upgrade(-12.307, 2.350, -8.825, 6000)
SetDjTrack(-12.217, 2.365, -3.396, "Red", 0)
upgrade(-12.307, 2.350, -8.825, 18500)
SetDjTrack(-12.217, 2.365, -3.396, "Green", 0)
DropTheBeat(-12.217, 2.365, -3.396, 0)
upgrade(-16.496, 2.350, -13.561, 6000)
upgrade(-16.496, 2.350, -13.561, 18500)
upgrade(-18.460, 2.350, -14.418, 6000)
upgrade(-18.460, 2.350, -14.418, 18500)
upgrade(-20.528, 2.350, -14.087, 6000)
upgrade(-20.528, 2.350, -14.087, 18500)
upgrade(-19.930, 2.350, -16.200, 6000)
upgrade(-19.930, 2.350, -16.200, 18500)
upgrade(-17.824, 2.350, -16.394, 6000)
upgrade(-17.824, 2.350, -16.394, 18500)
place(-8.157, 1.000, -3.251, "EvolvedKingpin", 3600)
upgrade(-8.157, 2.350, -3.251, 1400)
upgrade(-8.157, 2.350, -3.251, 4000)
upgrade(-8.157, 2.350, -3.251, 6000)
upgrade(-8.157, 2.350, -3.251, 14000)
place(-6.569, 1.000, -9.247, "EvolvedKingpin", 3600)
upgrade(-6.569, 2.350, -9.247, 1400)
upgrade(-6.569, 2.350, -9.247, 4000)
upgrade(-6.569, 2.350, -9.247, 6000)
upgrade(-6.569, 2.350, -9.247, 14000)
DropTheBeat(-12.217, 2.365, -3.396, 0)
place(-5.090, 1.000, -3.367, "EvolvedKingpin", 3600)
upgrade(-5.090, 2.350, -3.367, 1400)
upgrade(-5.090, 2.350, -3.367, 4000)
upgrade(-5.090, 2.350, -3.367, 6000)
upgrade(-5.090, 2.350, -3.367, 14000)
place(-2.045, 1.000, -3.328, "EvolvedKingpin", 3600)
upgrade(-2.045, 2.350, -3.328, 1400)
upgrade(-2.045, 2.350, -3.328, 4000)
upgrade(-2.045, 2.350, -3.328, 6000)
upgrade(-2.045, 2.350, -3.328, 14000)
upgrade(-2.045, 2.350, -3.328, 32500)
DropTheBeat(-12.217, 2.365, -3.396, 0)
upgrade(-2.045, 2.350, -3.328, 64000)
upgrade(-5.090, 2.350, -3.367, 32500)
SetDjTrack(-12.217, 2.365, -3.396, "Red", 0)
DropTheBeat(-12.217, 2.365, -3.396, 0)
upgrade(-5.090, 2.350, -3.367, 64000)
upgrade(-8.157, 2.350, -3.251, 32500)
DropTheBeat(-12.217, 2.365, -3.396, 0)
upgrade(-8.157, 2.350, -3.251, 64000)
upgrade(-6.569, 2.350, -9.247, 32500)
upgrade(-6.569, 2.350, -9.247, 64000)
DropTheBeat(-12.217, 2.365, -3.396, 0)
DropTheBeat(-12.217, 2.365, -3.396, 0)
DropTheBeat(-12.217, 2.365, -3.396, 0)
DropTheBeat(-12.217, 2.365, -3.396, 0)
upgrade(-9.626, 2.351, -8.915, 6500)
upgrade(-9.626, 2.351, -8.915, 24000)
upgrade(-9.626, 2.351, -8.915, 60001)
place(0.068, 1.000, -15.476, "Hacker", 900)
upgrade(0.068, 2.351, -15.476, 125)
upgrade(0.068, 2.351, -15.476, 1337)
upgrade(0.068, 2.351, -15.476, 6500)
upgrade(0.068, 2.351, -15.476, 24000)
upgrade(0.068, 2.351, -15.476, 60001)
DropTheBeat(-12.217, 2.365, -3.396, 0)
DropTheBeat(-12.217, 2.365, -3.396, 0)
DropTheBeat(-12.217, 2.365, -3.396, 0)
DropTheBeat(-12.217, 2.365, -3.396, 0)
DropTheBeat(-12.217, 2.365, -3.396, 0)
DropTheBeat(-12.217, 2.365, -3.396, 0)
DropTheBeat(-12.217, 2.365, -3.396, 0)
DropTheBeat(-12.217, 2.365, -3.396, 0)
DropTheBeat(-12.217, 2.365, -3.396, 0)
DropTheBeat(-12.217, 2.365, -3.396, 0)
