place(-18.086, 1.000, -1.914, "Brawler", 300)
place(-18.232, 1.000, -3.936, "Brawler", 300)
place(-18.209, 1.000, -6.054, "Brawler", 300)
upgrade(-18.232, 2.423, -3.936, 200)
place(-18.293, 1.000, -8.088, "Brawler", 300)
place(-18.479, 1.000, -10.114, "Brawler", 300)
upgrade(-18.479, 2.423, -10.114, 200)
upgrade(-18.293, 2.423, -8.088, 200)
upgrade(-18.209, 2.423, -6.054, 200)
upgrade(-18.086, 2.423, -1.914, 200)
place(-18.658, 1.000, -12.136, "Brawler", 300)
upgrade(-18.658, 2.423, -12.136, 200)
place(-20.670, 1.000, -12.469, "Brawler", 300)
upgrade(-20.670, 2.423, -12.469, 200)
place(-20.723, 1.000, -14.510, "Brawler", 300)
upgrade(-20.723, 2.423, -14.510, 200)
place(-18.710, 1.000, -14.265, "Brawler", 300)
upgrade(-18.710, 2.423, -14.265, 200)
place(-20.697, 1.000, 3.535, "Frost Blaster", 850)
upgrade(-20.697, 2.350, 3.535, 350)
SetTarget(-20.697, 2.350, 3.535, "Random")
SetTarget(-20.697, 2.350, 3.535, "Farthest")
upgrade(-20.697, 2.350, 3.535, 1500)
upgrade(-18.232, 2.423, -3.936, 1200)
upgrade(-18.232, 2.423, -3.936, 2500)
upgrade(-18.209, 2.423, -6.054, 1200)
upgrade(-18.209, 2.423, -6.054, 2500)
upgrade(-18.293, 2.423, -8.088, 1200)
upgrade(-20.697, 2.350, 3.535, 3800)
upgrade(-18.086, 2.423, -1.914, 1200)
upgrade(-18.086, 2.423, -1.914, 2500)
upgrade(-18.293, 2.423, -8.088, 2500)
upgrade(-18.479, 2.423, -10.114, 1200)
upgrade(-18.479, 2.423, -10.114, 2500)
upgrade(-18.658, 2.423, -12.136, 1200)
upgrade(-18.658, 2.423, -12.136, 2500)
upgrade(-18.710, 2.423, -14.265, 1200)
upgrade(-18.710, 2.423, -14.265, 2500)
upgrade(-20.723, 2.423, -14.510, 1200)
upgrade(-20.723, 2.423, -14.510, 2500)
upgrade(-20.670, 2.423, -12.469, 1200)
upgrade(-20.670, 2.423, -12.469, 2500)
upgrade(-18.232, 2.423, -3.936, 3500)
upgrade(-18.232, 2.423, -3.936, 7777)
upgrade(-18.209, 2.423, -6.054, 3500)
upgrade(-18.209, 2.423, -6.054, 7777)
upgrade(-18.293, 2.423, -8.088, 3500)
upgrade(-18.293, 2.423, -8.088, 7777)
upgrade(-18.479, 2.423, -10.114, 3500)
upgrade(-18.479, 2.423, -10.114, 7777)
upgrade(-20.697, 2.350, 3.535, 9500)
place(5.366, 1.000, -5.292, "Frost Blaster", 850)
upgrade(5.366, 2.350, -5.292, 350)
upgrade(5.366, 2.350, -5.292, 1500)
upgrade(5.366, 2.350, -5.292, 3800)
upgrade(5.366, 2.350, -5.292, 9500)
place(-12.420, 1.000, -9.213, "Shotgunner", 1225)
upgrade(-12.420, 2.350, -9.213, 640)
upgrade(-12.420, 2.350, -9.213, 1550)
place(-12.880, 1.000, -14.187, "Shotgunner", 1225)
upgrade(-12.880, 2.350, -14.187, 640)
upgrade(-12.880, 2.350, -14.187, 1550)
place(-15.446, 1.000, -15.016, "Shotgunner", 1225)
upgrade(-15.446, 2.350, -15.016, 640)
upgrade(-15.446, 2.350, -15.016, 1550)
place(-17.412, 1.000, -15.911, "Shotgunner", 1225)
upgrade(-17.412, 2.350, -15.911, 640)
upgrade(-17.412, 2.350, -15.911, 1550)
place(-19.423, 1.000, -16.181, "Shotgunner", 1225)
upgrade(-19.423, 2.350, -16.181, 640)
upgrade(-19.423, 2.350, -16.181, 1550)
place(-23.830, 1.000, -6.451, "Shotgunner", 1225)
upgrade(-23.830, 2.350, -6.451, 640)
upgrade(-23.830, 2.350, -6.451, 1550)
place(-23.948, 1.000, -4.425, "Shotgunner", 1225)
upgrade(-23.948, 2.350, -4.425, 640)
upgrade(-23.948, 2.350, -4.425, 1550)
place(-23.937, 1.000, -2.381, "Shotgunner", 1225)
upgrade(-23.937, 2.350, -2.381, 640)
upgrade(-23.937, 2.350, -2.381, 1550)
place(-23.960, 1.000, -0.295, "Shotgunner", 1225)
upgrade(-23.960, 2.350, -0.295, 640)
upgrade(-23.960, 2.350, -0.295, 1550)
place(-3.588, 1.000, -13.117, "EvolvedJuggernaut", 8500)
upgrade(-3.588, 2.692, -13.117, 3000)
upgrade(-3.588, 2.692, -13.117, 7000)
upgrade(-3.588, 2.692, -13.117, 17200)
upgrade(-3.588, 2.692, -13.117, 40000)
upgrade(-3.588, 2.692, -13.117, 95000)
upgrade(-3.588, 2.692, -13.117, 120000)
upgrade(-3.588, 2.692, -13.117, 250000)
place(-2.529, 1.000, 2.912, "Turret", 7750)
upgrade(-2.529, 1.950, 2.912, 3750)
upgrade(-2.529, 1.950, 2.912, 7500)
upgrade(-2.529, 1.950, 2.912, 20000)
place(5.424, 1.000, -8.372, "Frost Blaster", 850)
upgrade(5.424, 2.350, -8.372, 350)
upgrade(5.424, 2.350, -8.372, 1500)
upgrade(5.424, 2.350, -8.372, 3800)
upgrade(5.424, 2.350, -8.372, 9500)
place(-23.742, 1.000, 3.651, "Frost Blaster", 850)
upgrade(-23.742, 2.350, 3.651, 350)
upgrade(-23.742, 2.350, 3.651, 1500)
upgrade(-23.742, 2.350, 3.651, 3800)
upgrade(-23.742, 2.350, 3.651, 9500)
place(-7.946, 1.000, 4.159, "Frost Blaster", 850)
upgrade(-7.946, 2.350, 4.159, 350)
upgrade(-7.946, 2.350, 4.159, 1500)
upgrade(-7.946, 2.350, 4.159, 3800)
upgrade(-7.946, 2.350, 4.159, 9500)
upgrade(-2.529, 1.950, 2.912, 35000)
upgrade(-2.529, 1.950, 2.912, 65000)
place(5.775, 1.000, 3.193, "Turret", 7750)
upgrade(5.775, 1.950, 3.193, 3750)
upgrade(5.775, 1.950, 3.193, 7500)
upgrade(5.775, 1.950, 3.193, 20000)
upgrade(5.775, 1.950, 3.193, 35000)
upgrade(5.775, 1.950, 3.193, 65000)
