place(-18.176, 1.000, -1.909, "Brawler", 300)
place(-18.274, 1.000, -4.073, "Brawler", 300)
place(-18.309, 1.000, -6.095, "Brawler", 300)
place(-18.406, 1.000, -8.100, "Brawler", 300)
upgrade(-18.274, 2.423, -4.073, 200)
place(-18.535, 1.000, -10.136, "Brawler", 300)
upgrade(-18.535, 2.423, -10.136, 200)
upgrade(-18.309, 2.423, -6.095, 200)
upgrade(-18.176, 2.423, -1.909, 200)
upgrade(-18.309, 2.423, -6.095, 1200)
upgrade(-18.406, 2.423, -8.100, 200)
place(-18.316, 1.000, -12.218, "Brawler", 300)
upgrade(-18.316, 2.423, -12.218, 200)
upgrade(-18.274, 2.423, -4.073, 1200)
upgrade(-18.274, 2.423, -4.073, 2500)
upgrade(-18.309, 2.423, -6.095, 2500)
upgrade(-18.309, 2.423, -6.095, 3500)
upgrade(-18.176, 2.423, -1.909, 1200)
upgrade(-18.406, 2.423, -8.100, 1200)
upgrade(-18.535, 2.423, -10.136, 1200)
upgrade(-18.316, 2.423, -12.218, 1200)
upgrade(-18.176, 2.423, -1.909, 2500)
upgrade(-18.406, 2.423, -8.100, 2500)
upgrade(-18.535, 2.423, -10.136, 2500)
place(-9.246, 1.000, -9.188, "Firework Technician", 1500)
upgrade(-9.246, 2.350, -9.188, 2000)
upgrade(-18.316, 2.423, -12.218, 2500)
upgrade(-9.246, 2.350, -9.188, 6500)
place(-20.438, 1.000, -12.549, "Brawler", 300)
upgrade(-20.438, 2.423, -12.549, 200)
upgrade(-20.438, 2.423, -12.549, 1200)
place(-20.282, 1.000, -14.633, "Brawler", 300)
upgrade(-20.282, 2.423, -14.633, 200)
upgrade(-20.282, 2.423, -14.633, 1200)
place(-18.229, 1.000, -14.302, "Brawler", 300)
upgrade(-18.229, 2.423, -14.302, 200)
upgrade(-18.229, 2.423, -14.302, 1200)
upgrade(-18.535, 2.423, -10.136, 3500)
upgrade(-18.176, 2.423, -1.909, 3500)
upgrade(-18.229, 2.423, -14.302, 2500)
upgrade(-20.438, 2.423, -12.549, 2500)
upgrade(-20.282, 2.423, -14.633, 2500)
place(-3.253, 1.000, -14.503, "EvolvedJuggernaut", 8500)
upgrade(-3.253, 2.692, -14.503, 3000)
upgrade(-3.253, 2.692, -14.503, 7000)
upgrade(-3.253, 2.692, -14.503, 17200)
upgrade(-3.253, 2.692, -14.503, 40000)
upgrade(-9.246, 2.350, -9.188, 12000)
upgrade(-9.246, 2.350, -9.188, 22000)
upgrade(-3.253, 2.692, -14.503, 95000)
upgrade(-3.253, 2.692, -14.503, 120000)
upgrade(-3.253, 2.692, -14.503, 250000)
place(-2.478, 1.000, 3.182, "Turret", 7750)
upgrade(-2.478, 1.950, 3.182, 3750)
upgrade(-2.478, 1.950, 3.182, 7500)
upgrade(-2.478, 1.950, 3.182, 20000)
upgrade(-2.478, 1.950, 3.182, 35000)
upgrade(-2.478, 1.950, 3.182, 65000)
place(0.273, 1.000, -9.843, "Turret", 7750)
upgrade(0.273, 1.950, -9.843, 3750)
upgrade(0.273, 1.950, -9.843, 7500)
upgrade(0.273, 1.950, -9.843, 20000)
upgrade(0.273, 1.950, -9.843, 35000)
upgrade(0.273, 1.950, -9.843, 65000)
place(-7.938, 1.000, 7.686, "Turret", 7750)
upgrade(-7.938, 1.950, 7.686, 3750)
upgrade(-7.938, 1.950, 7.686, 7500)
upgrade(-7.938, 1.950, 7.686, 20000)
upgrade(-7.938, 1.950, 7.686, 35000)
upgrade(-7.938, 1.950, 7.686, 65000)
