place(7.526, 0.956, 18.259, "Frost Blaster", 850)
upgrade(7.526, 2.306, 18.259, 350)
upgrade(7.526, 2.306, 18.259, 1500)
place(-17.618, 1.173, 26.939, "Frost Blaster", 850)
upgrade(-17.618, 2.523, 26.939, 350)
SetTarget(-17.618, 2.523, 26.939, "Random")
SetTarget(-17.618, 2.523, 26.939, "Farthest")
upgrade(-17.618, 2.523, 26.939, 1500)
place(0.787, 10.021, 14.302, "Gatling Gun", 5250)
upgrade(0.787, 10.920, 14.302, 3000)
upgrade(0.787, 10.920, 14.302, 7500)
upgrade(0.787, 10.920, 14.302, 15000)
place(-4.841, 0.979, 22.692, "Firework Technician", 1500)
upgrade(-4.841, 2.329, 22.692, 2000)
upgrade(-4.841, 2.329, 22.692, 6500)
upgrade(0.787, 10.920, 14.302, 32500)
upgrade(-4.841, 2.329, 22.692, 12000)
upgrade(7.526, 2.306, 18.259, 3800)
upgrade(7.526, 2.306, 18.259, 9500)
SetTarget(7.526, 2.306, 18.259, "Random")
SetTarget(7.526, 2.306, 18.259, "Farthest")
place(9.430, 0.949, 15.660, "Frost Blaster", 850)
upgrade(9.430, 2.299, 15.660, 350)
upgrade(9.430, 2.299, 15.660, 1500)
upgrade(9.430, 2.299, 15.660, 3800)
upgrade(-17.618, 2.523, 26.939, 3800)
place(-12.210, 0.963, 13.396, "Frost Blaster", 850)
upgrade(-12.210, 2.313, 13.396, 350)
upgrade(-12.210, 2.313, 13.396, 1500)
upgrade(-12.210, 2.313, 13.396, 3800)
upgrade(-4.841, 2.329, 22.692, 22000)
place(-7.047, 0.977, 20.242, "Hacker", 900)
upgrade(-7.047, 2.328, 20.242, 125)
upgrade(-7.047, 2.328, 20.242, 1337)
upgrade(-7.047, 2.328, 20.242, 6500)
upgrade(-7.047, 2.328, 20.242, 24000)
upgrade(0.787, 10.920, 14.302, 50000)
upgrade(0.787, 10.920, 14.302, 100000)
upgrade(-7.047, 2.328, 20.242, 60001)
upgrade(-12.210, 2.313, 13.396, 9500)
upgrade(9.430, 2.299, 15.660, 9500)
upgrade(-17.618, 2.523, 26.939, 9500)
place(3.036, 0.954, 15.871, "EvolvedKingpin", 3600)
upgrade(3.036, 2.304, 15.871, 1400)
upgrade(3.036, 2.304, 15.871, 4000)
upgrade(3.036, 2.304, 15.871, 6000)
upgrade(3.036, 2.304, 15.871, 14000)
upgrade(3.036, 2.304, 15.871, 32500)
upgrade(3.036, 2.304, 15.871, 64000)
place(4.809, 0.931, 9.791, "EvolvedKingpin", 3600)
upgrade(4.809, 2.281, 9.791, 1400)
upgrade(4.809, 2.281, 9.791, 4000)
upgrade(4.809, 2.281, 9.791, 6000)
upgrade(4.809, 2.281, 9.791, 14000)
upgrade(4.809, 2.281, 9.791, 32500)
upgrade(4.809, 2.281, 9.791, 64000)
place(1.995, 0.935, 8.420, "EvolvedKingpin", 3600)
upgrade(1.995, 2.285, 8.420, 1400)
upgrade(1.995, 2.285, 8.420, 4000)
upgrade(1.995, 2.285, 8.420, 6000)
upgrade(1.995, 2.285, 8.420, 14000)
upgrade(1.995, 2.285, 8.420, 32500)
upgrade(1.995, 2.285, 8.420, 64000)
place(-0.952, 0.939, 7.773, "EvolvedKingpin", 3600)
upgrade(-0.952, 2.289, 7.773, 1400)
upgrade(-0.952, 2.289, 7.773, 4000)
upgrade(-0.952, 2.289, 7.773, 6000)
upgrade(-0.952, 2.289, 7.773, 14000)
upgrade(-0.952, 2.289, 7.773, 32500)
upgrade(-0.952, 2.289, 7.773, 64000)
place(0.252, 0.974, 25.720, "Hacker", 900)
upgrade(0.252, 2.325, 25.720, 125)
upgrade(0.252, 2.325, 25.720, 1337)
upgrade(0.252, 2.325, 25.720, 6500)
upgrade(0.252, 2.325, 25.720, 24000)
upgrade(0.252, 2.325, 25.720, 60001)
