place(-13.450, 0.991, 20.302, "Frost Blaster", 850)
upgrade(-13.450, 2.341, 20.302, 350)
upgrade(-13.450, 2.341, 20.302, 1500)
place(6.736, 0.958, 18.894, "Frost Blaster", 850)
upgrade(6.736, 2.308, 18.894, 350)
place(5.349, 10.743, 2.113, "Gatling Gun", 5250)
upgrade(5.349, 11.642, 2.113, 3000)
place(-2.381, 1.012, 19.967, "Hacker", 900)
upgrade(-2.381, 2.363, 19.967, 125)
upgrade(-2.381, 2.363, 19.967, 1337)
upgrade(5.349, 11.642, 2.113, 7500)
upgrade(5.349, 11.642, 2.113, 15000)
place(5.424, 0.929, 9.610, "Firework Technician", 1500)
upgrade(5.424, 2.279, 9.610, 2000)
upgrade(5.424, 2.279, 9.610, 6500)
upgrade(5.349, 11.642, 2.113, 32500)
upgrade(-2.381, 2.363, 19.967, 6500)
upgrade(-2.381, 2.363, 19.967, 24000)
upgrade(5.424, 2.279, 9.610, 12000)
upgrade(5.424, 2.279, 9.610, 22000)
upgrade(-13.450, 2.341, 20.302, 3800)
upgrade(-13.450, 2.341, 20.302, 9500)
place(-17.435, 1.155, 27.554, "Frost Blaster", 850)
upgrade(-17.435, 2.505, 27.554, 350)
upgrade(-17.435, 2.505, 27.554, 1500)
upgrade(-17.435, 2.505, 27.554, 3800)
upgrade(-17.435, 2.505, 27.554, 9500)
SetTarget(-17.435, 2.505, 27.554, "Random")
SetTarget(-17.435, 2.505, 27.554, "Farthest")
place(-7.339, 0.990, 26.629, "Frost Blaster", 850)
upgrade(-7.339, 2.340, 26.629, 350)
upgrade(-7.339, 2.340, 26.629, 1500)
upgrade(-7.339, 2.340, 26.629, 3800)
upgrade(-7.339, 2.340, 26.629, 9500)
SetTarget(-7.339, 2.340, 26.629, "Random")
SetTarget(-7.339, 2.340, 26.629, "Farthest")
SetTarget(-7.339, 2.340, 26.629, "Closest")
upgrade(6.736, 2.308, 18.894, 1500)
upgrade(6.736, 2.308, 18.894, 3800)
upgrade(5.349, 11.642, 2.113, 50000)
upgrade(5.349, 11.642, 2.113, 100000)
place(6.019, 0.930, 3.550, "EvolvedKingpin", 3600)
upgrade(6.019, 2.280, 3.550, 1400)
upgrade(6.019, 2.280, 3.550, 4000)
upgrade(6.019, 2.280, 3.550, 6000)
upgrade(6.019, 2.280, 3.550, 14000)
upgrade(6.736, 2.308, 18.894, 9500)
place(14.171, 0.963, 19.872, "Frost Blaster", 850)
upgrade(14.171, 2.313, 19.872, 350)
upgrade(14.171, 2.313, 19.872, 1500)
upgrade(14.171, 2.313, 19.872, 3800)
upgrade(14.171, 2.313, 19.872, 9500)
SetTarget(14.171, 2.313, 19.872, "Random")
SetTarget(14.171, 2.313, 19.872, "Farthest")
upgrade(6.019, 2.280, 3.550, 32500)
upgrade(6.019, 2.280, 3.550, 64000)
place(3.060, 0.947, 2.551, "EvolvedKingpin", 3600)
upgrade(3.060, 2.297, 2.551, 1400)
upgrade(3.060, 2.297, 2.551, 4000)
upgrade(3.060, 2.297, 2.551, 6000)
upgrade(3.060, 2.297, 2.551, 14000)
upgrade(3.060, 2.297, 2.551, 32500)
upgrade(3.060, 2.297, 2.551, 64000)
place(-0.144, 0.949, 3.041, "EvolvedKingpin", 3600)
upgrade(-0.144, 2.299, 3.041, 1400)
upgrade(-0.144, 2.299, 3.041, 4000)
upgrade(-0.144, 2.299, 3.041, 6000)
upgrade(-0.144, 2.299, 3.041, 14000)
upgrade(-0.144, 2.299, 3.041, 32500)
upgrade(-0.144, 2.299, 3.041, 64000)
place(-1.163, 0.943, 6.032, "EvolvedKingpin", 3600)
upgrade(-1.163, 2.293, 6.032, 1400)
upgrade(-1.163, 2.293, 6.032, 4000)
upgrade(-1.163, 2.293, 6.032, 6000)
upgrade(-1.163, 2.293, 6.032, 14000)
upgrade(-1.163, 2.293, 6.032, 32500)
upgrade(-1.163, 2.293, 6.032, 64000)
upgrade(-2.381, 2.363, 19.967, 60001)
place(0.736, 0.966, 19.581, "Hacker", 900)
upgrade(0.736, 2.317, 19.581, 125)
upgrade(0.736, 2.317, 19.581, 1337)
upgrade(0.736, 2.317, 19.581, 6500)
upgrade(0.736, 2.317, 19.581, 24000)
upgrade(0.736, 2.317, 19.581, 60001)
place(4.767, 0.944, 30.786, "Frost Blaster", 850)
upgrade(4.767, 2.294, 30.786, 350)
upgrade(4.767, 2.294, 30.786, 1500)
upgrade(4.767, 2.294, 30.786, 3800)
upgrade(4.767, 2.294, 30.786, 9500)
SetTarget(4.767, 2.294, 30.786, "Random")
SetTarget(4.767, 2.294, 30.786, "Farthest")
SetTarget(4.767, 2.294, 30.786, "Closest")
place(-10.489, 0.952, 6.021, "Frost Blaster", 850)
upgrade(-10.489, 2.302, 6.021, 350)
upgrade(-10.489, 2.302, 6.021, 1500)
upgrade(-10.489, 2.302, 6.021, 3800)
upgrade(-10.489, 2.302, 6.021, 9500)
place(7.846, 0.933, 7.052, "Frost Blaster", 850)
upgrade(7.846, 2.283, 7.052, 350)
upgrade(7.846, 2.283, 7.052, 1500)
upgrade(7.846, 2.283, 7.052, 3800)
upgrade(7.846, 2.283, 7.052, 9500)
