place(-12.666, 1.015, 25.801, "Shotgunner", 1225)
place(-10.695, 0.994, 26.227, "Warden", 1850)
place(-8.687, 0.992, 26.523, "Warden", 1850)
place(-17.202, 1.244, 29.428, "Warden", 1850)
place(-15.308, 1.103, 30.245, "Warden", 1850)
place(-13.210, 1.069, 30.677, "Warden", 1850)
place(-11.288, 1.036, 31.264, "Warden", 1850)
place(-0.768, 0.973, 29.161, "Hacker", 900)
upgrade(-0.768, 2.376, 29.161, 125)
upgrade(-0.768, 2.376, 29.161, 1337)
place(-6.723, 0.991, 27.389, "Warden", 1850)
place(-5.379, 0.988, 28.921, "Warden", 1850)
place(-9.384, 1.004, 31.917, "Warden", 1850)
place(-4.155, 0.982, 30.580, "Warden", 1850)
place(-9.117, 0.994, 33.910, "Warden", 1850)
upgrade(-10.695, 2.433, 26.227, 975)
upgrade(-10.695, 2.433, 26.227, 1987)
upgrade(-17.202, 2.683, 29.428, 975)
upgrade(-17.202, 2.683, 29.428, 1987)
upgrade(-15.308, 2.542, 30.245, 975)
upgrade(-15.308, 2.542, 30.245, 1987)
upgrade(-8.687, 2.431, 26.523, 975)
upgrade(-8.687, 2.431, 26.523, 1987)
upgrade(-6.723, 2.430, 27.389, 975)
upgrade(-6.723, 2.430, 27.389, 1987)
upgrade(-5.379, 2.427, 28.921, 975)
upgrade(-5.379, 2.427, 28.921, 1987)
upgrade(-13.210, 2.508, 30.677, 975)
upgrade(-13.210, 2.508, 30.677, 1987)
upgrade(-11.288, 2.475, 31.264, 975)
upgrade(-11.288, 2.475, 31.264, 1987)
upgrade(-9.384, 2.443, 31.917, 975)
upgrade(-9.384, 2.443, 31.917, 1987)
upgrade(-9.117, 2.433, 33.910, 975)
upgrade(-9.117, 2.433, 33.910, 1987)
upgrade(-4.155, 2.420, 30.580, 975)
upgrade(-4.155, 2.420, 30.580, 1987)
place(-13.170, 1.011, 23.760, "Warden", 1850)
upgrade(-13.170, 2.450, 23.760, 975)
upgrade(-13.170, 2.450, 23.760, 1987)
place(-11.179, 0.996, 24.159, "Shotgunner", 1225)
upgrade(-11.179, 2.346, 24.159, 640)
upgrade(-11.179, 2.346, 24.159, 1550)
place(-9.093, 0.988, 24.536, "Shotgunner", 1225)
upgrade(-9.093, 2.338, 24.536, 640)
upgrade(-9.093, 2.338, 24.536, 1550)
place(-7.073, 0.987, 25.225, "Shotgunner", 1225)
upgrade(-7.073, 2.337, 25.225, 640)
upgrade(-7.073, 2.337, 25.225, 1550)
place(-5.180, 0.986, 26.110, "Shotgunner", 1225)
upgrade(-5.180, 2.336, 26.110, 640)
upgrade(-5.180, 2.336, 26.110, 1550)
place(-3.725, 0.984, 27.665, "Shotgunner", 1225)
upgrade(-3.725, 2.334, 27.665, 640)
upgrade(-3.725, 2.334, 27.665, 1550)
upgrade(-12.666, 2.365, 25.801, 640)
upgrade(-12.666, 2.365, 25.801, 1550)
place(-1.745, 0.979, 26.800, "Shotgunner", 1225)
upgrade(-1.745, 2.329, 26.800, 640)
upgrade(-1.745, 2.329, 26.800, 1550)
place(-7.408, 0.983, 23.180, "Shotgunner", 1225)
upgrade(-7.408, 2.333, 23.180, 640)
upgrade(-7.408, 2.333, 23.180, 1550)
place(-9.339, 0.985, 22.494, "Shotgunner", 1225)
upgrade(-9.339, 2.335, 22.494, 640)
upgrade(-9.339, 2.335, 22.494, 1550)
upgrade(-11.179, 2.346, 24.159, 6000)
upgrade(-11.179, 2.346, 24.159, 18500)
upgrade(-9.093, 2.338, 24.536, 6000)
upgrade(-7.073, 2.337, 25.225, 6000)
upgrade(-5.180, 2.336, 26.110, 6000)
upgrade(-0.768, 2.376, 29.161, 6500)
upgrade(-1.745, 2.329, 26.800, 6000)
upgrade(-7.408, 2.333, 23.180, 6000)
upgrade(-9.339, 2.335, 22.494, 6000)
upgrade(-12.666, 2.365, 25.801, 6000)
upgrade(-3.725, 2.334, 27.665, 6000)
place(-11.662, 0.983, 20.295, "Gatling Gun", 5250)
upgrade(-11.662, 1.882, 20.295, 3000)
upgrade(-11.662, 1.882, 20.295, 7500)
upgrade(-11.662, 1.882, 20.295, 15000)
upgrade(-11.662, 1.882, 20.295, 32500)
upgrade(-10.695, 2.433, 26.227, 5750)
upgrade(-10.695, 2.433, 26.227, 16500)
upgrade(-8.687, 2.431, 26.523, 5750)
upgrade(-8.687, 2.431, 26.523, 16500)
upgrade(-6.723, 2.430, 27.389, 5750)
upgrade(-6.723, 2.430, 27.389, 16500)
upgrade(-17.202, 2.683, 29.428, 5750)
upgrade(-17.202, 2.683, 29.428, 16500)
upgrade(-15.308, 2.542, 30.245, 5750)
upgrade(-15.308, 2.542, 30.245, 16500)
upgrade(-13.210, 2.508, 30.677, 5750)
upgrade(-13.210, 2.508, 30.677, 16500)
upgrade(-11.288, 2.475, 31.264, 5750)
upgrade(-11.288, 2.475, 31.264, 16500)
upgrade(-9.384, 2.443, 31.917, 5750)
upgrade(-9.384, 2.443, 31.917, 16500)
upgrade(-9.117, 2.433, 33.910, 5750)
upgrade(-9.117, 2.433, 33.910, 16500)
upgrade(-4.155, 2.420, 30.580, 5750)
upgrade(-4.155, 2.420, 30.580, 16500)
upgrade(-5.379, 2.427, 28.921, 5750)
upgrade(-5.379, 2.427, 28.921, 16500)
upgrade(-13.170, 2.450, 23.760, 5750)
upgrade(-13.170, 2.450, 23.760, 16500)
upgrade(-9.339, 2.335, 22.494, 18500)
upgrade(-12.666, 2.365, 25.801, 18500)
upgrade(-11.662, 1.882, 20.295, 50000)
upgrade(-11.662, 1.882, 20.295, 100000)
upgrade(-9.093, 2.338, 24.536, 18500)
upgrade(-7.073, 2.337, 25.225, 18500)
upgrade(-5.180, 2.336, 26.110, 18500)
upgrade(-3.725, 2.334, 27.665, 18500)
upgrade(-1.745, 2.329, 26.800, 18500)
upgrade(-0.768, 2.376, 29.161, 24000)
upgrade(-0.768, 2.376, 29.161, 60001)
place(-6.004, 0.960, 10.704, "Turret", 7750)
upgrade(-6.004, 3.739, 10.704, 3750)
upgrade(-6.004, 3.739, 10.704, 7500)
upgrade(-6.004, 3.739, 10.704, 20000)
upgrade(-6.004, 3.739, 10.704, 35000)
upgrade(-6.004, 3.739, 10.704, 65000)
place(-9.987, 0.952, 9.834, "Turret", 7750)
upgrade(-9.987, 3.731, 9.834, 3750)
upgrade(-9.987, 3.731, 9.834, 7500)
upgrade(-9.987, 3.731, 9.834, 20000)
upgrade(-9.987, 3.731, 9.834, 35000)
place(-10.034, 0.953, 10.100, "Turret", 7750)
upgrade(-10.034, 3.733, 10.100, 3750)
upgrade(-10.034, 3.733, 10.100, 7500)
upgrade(-10.034, 3.733, 10.100, 20000)
upgrade(-10.034, 3.733, 10.100, 35000)
place(-4.289, 0.953, 6.642, "Turret", 7750)
upgrade(-4.289, 3.732, 6.642, 3750)
upgrade(-4.289, 3.732, 6.642, 7500)
upgrade(-4.289, 3.732, 6.642, 20000)
upgrade(-10.034, 3.733, 10.100, 65000)
upgrade(-4.289, 3.732, 6.642, 35000)
upgrade(-4.289, 3.732, 6.642, 65000)
